51 117 20
52 115 24
50 110 24
64 114 29
57 114 19
48 110 9
55 119 22
58 114 15
59 121 14
55 124 7
51 127 1
53 132 4
51 131 6
53 117 3
55 119 7
56 118 7
62 122 8
65 108 16
58 118 18
58 127 11
53 127 2
52 132 1
52 132 1
57 133 1
64 111 9
63 120 13
63 133 8
56 136 1
64 146 10
68 136 1
53 134 3
58 138 5
60 140 7
59 139 4
58 139 2
60 141 4
65 143 7
54 135 6
51 127 1
59 124 4
60 116 7
67 129 6
66 140 1
64 141 1
65 145 10
60 140 5
60 140 5
62 142 7
64 145 8
64 146 9
61 141 20
69 144 25
61 128 13
60 119 11
59 114 13
63 117 21
67 133 10
63 142 1
63 144 3
75 147 21
67 135 16
67 130 16
65 124 18
54 112 9
59 120 16
79 146 17
65 126 9
64 126 15
53 117 7
50 118 7
65 137 3
67 146 3
65 146 5
64 147 7
63 139 17
56 126 12
55 122 16
59 113 19
62 131 6
74 147 13
65 146 5
66 144 8
72 143 21
59 127 14
52 132 1
70 147 7
77 142 22
61 125 13
55 136 5
81 143 18
70 131 12
57 120 6
51 114 7
82 143 14
84 146 21
69 133 13
64 127 13
68 132 22
57 122 18
56 140 3
71 139 18
67 131 17
67 131 19
53 120 14
53 130 2
59 135 1
85 147 22
70 142 16
66 137 15
63 132 15
56 120 8
52 121 14
50 124 13
50 121 1
69 139 7
84 146 21
62 139 11
69 133 21
50 119 3
51 131 8
55 147 14
63 138 20
82 145 31
52 119 4
50 140 6
63 144 3
68 135 29
64 125 21
73 124 23
58 112 24
66 129 22
52 116 2
55 122 6
53 144 7
69 126 31
56 118 21
48 108 10
53 109 18
49 113 1
51 118 2
51 139 1
65 143 8
64 118 20
50 115 13
54 121 5
65 141 6
62 120 10
50 118 5
52 119 6
53 120 4
58 135 3
69 147 2
77 128 25
84 133 5
59 124 8
52 123 5
52 119 6
59 135 3
58 132 21
48 112 2
48 118 6
59 126 10
57 139 3
63 147 10
87 120 5
62 125 11
61 139 3
65 146 9
68 127 11
70 144 7
88 135 7
72 126 14
71 115 2
81 133 6
80 140 6
73 139 3
58 125 10
75 115 3
80 129 4
81 137 4
74 136 1
78 141 8
84 132 22
61 124 10
74 111 5
76 131 3
73 132 3
70 143 2
70 143 2
71 146 2
76 143 4
54 110 1
74 128 4
75 136 9
71 133 6
72 139 7
65 135 2
66 138 4
66 138 4
77 145 6
63 113 14
61 125 2
65 132 1
63 130 1
65 138 4
70 111 9
68 117 10
48 117 24
77 127 12
60 109 2
67 114 8
67 125 5
56 123 8
61 130 11
62 131 6
79 146 7
80 144 6
75 139 1
78 140 3
77 118 14
59 107 5
64 111 7
62 119 2
52 119 6
55 122 6
70 136 2
72 138 4
72 135 2
74 136 3
73 135 2
66 127 6
56 109 1
50 117 4
65 127 2
68 133 5
64 129 1
67 129 2
67 128 1
69 130 3
62 123 6
55 115 1
48 114 4
51 115 3
60 120 6
67 126 10
60 124 4
62 126 6
59 123 3
60 121 2
60 119 1
60 119 1
60 118 8
53 110 3
48 110 3
55 114 8
61 118 13
50 112 1
50 112 1
54 113 3
59 118 8
56 114 4
51 108 5
52 110 8
61 119 17
54 110 9
53 110 15
