102 159 20
102 186 10
86 171 7
77 157 8
90 167 29
87 187 1
90 188 13
79 174 10
87 172 9
107 174 32
78 186 2
81 187 1
82 157 28
89 193 20
82 186 5
74 188 4
84 193 6
84 189 11
76 181 19
99 190 1
76 177 37
102 169 12
109 173 14
90 167 3
95 189 4
93 170 2
90 185 3
77 163 2
84 182 1
108 171 30
87 181 35
84 157 14
82 179 1
97 172 27
75 165 15
85 184 6
100 168 3
85 159 10
76 171 5
88 181 15
111 181 20
93 165 3
100 165 13
98 166 21
78 173 9
75 178 1
83 184 4
113 181 36
86 153 11
74 176 6
79 177 2
90 185 5
97 187 1
111 192 1
95 162 21
77 177 1
92 187 5
96 186 2
100 185 3
103 188 6
102 187 5
102 169 30
76 169 18
96 191 11
86 183 5
99 175 5
111 192 11
104 191 1
103 191 8
108 185 29
114 188 33
100 175 23
79 161 14
94 188 12
92 182 6
80 180 4
93 167 12
101 178 12
96 176 1
93 175 2
87 169 6
97 173 15
93 169 9
93 169 9
92 169 11
80 161 6
86 172 3
102 178 8
101 175 4
89 177 7
96 172 12
96 172 4
89 163 38
84 165 2
104 172 9
103 171 6
95 170 5
98 176 5
91 160 5
76 163 6
84 172 8
86 175 7
86 175 9
83 171 11
74 160 9
76 153 15
74 162 16
