73 135 24
62 131 12
67 141 18
54 133 5
53 132 4
59 138 10
57 136 8
57 136 8
63 142 14
64 143 15
61 138 6
57 133 7
54 131 3
59 143 5
55 139 1
61 144 4
57 138 7
70 130 30
78 140 31
76 141 23
79 144 26
62 132 8
61 143 7
63 145 9
62 144 8
60 142 6
63 145 9
63 145 9
60 142 6
59 141 5
62 138 4
50 135 6
44 121 9
63 121 18
61 137 11
64 144 13
66 146 15
57 137 6
53 133 2
60 130 8
59 136 8
51 137 2
47 133 6
49 122 14
63 134 32
48 146 1
48 130 2
45 120 1
52 111 17
50 141 1
53 144 4
54 142 3
58 146 7
49 138 8
49 138 8
52 137 8
55 137 9
56 135 10
52 127 8
56 117 22
66 140 19
58 134 10
52 128 6
47 122 3
68 139 17
54 130 6
45 123 1
65 139 14
46 126 3
67 142 15
48 126 4
64 129 35
68 137 28
64 139 12
48 126 6
59 118 36
52 123 19
53 129 5
52 129 1
53 126 9
64 139 10
48 126 6
64 120 31
48 117 8
42 116 1
44 118 5
53 125 15
55 128 11
70 142 30
73 146 12
71 142 12
63 133 9
51 118 5
59 115 28
43 110 4
49 121 13
55 127 15
62 134 24
69 145 11
65 141 6
66 139 6
60 132 7
49 117 4
55 108 28
52 121 14
58 129 23
58 126 23
66 132 32
67 146 18
62 142 9
57 138 1
58 136 1
53 127 2
57 107 34
42 106 12
41 110 3
51 118 12
61 129 30
56 124 25
64 130 32
60 141 10
57 139 3
48 108 22
44 109 5
56 122 24
57 123 25
64 130 30
80 146 36
77 144 31
76 143 28
65 141 9
61 139 4
58 138 7
56 136 3
50 107 28
43 106 2
46 112 12
51 118 15
58 125 20
61 129 20
63 131 18
67 136 19
72 143 21
62 138 6
54 130 4
55 130 1
54 126 1
46 116 4
42 110 1
49 117 6
53 122 6
54 125 7
58 129 7
64 138 13
71 146 19
72 143 13
68 139 9
69 140 10
69 141 13
65 137 9
59 134 7
56 131 4
53 128 1
51 122 2
50 117 1
43 108 4
53 122 5
58 129 9
57 131 6
58 133 6
60 135 8
67 136 9
64 134 9
52 123 1
50 117 1
45 110 6
55 119 5
62 126 6
66 128 5
67 127 3
67 125 2
69 129 5
60 124 1
54 126 1
53 123 1
51 122 2
49 116 3
46 109 4
44 107 3
50 114 2
57 121 1
63 125 2
66 126 4
66 126 4
65 127 4
52 123 1
49 118 1
47 111 1
50 112 1
57 118 1
62 121 1
62 121 1
60 121 2
52 117 1
49 107 4
54 113 5
59 119 5
59 120 3
57 118 1
53 116 1
52 111 1
54 113 7
58 118 5
57 117 4
54 114 1
49 113 1
47 111 1
53 106 2
50 107 2
53 112 2
54 113 3
51 113 4
50 112 3
45 108 1
45 108 1
46 108 1
51 108 1
50 109 1
48 110 3
47 108 4
51 106 4
51 108 3
49 108 2
