80 98 24
75 104 24
56 102 12
51 106 12
49 105 6
48 104 3
53 105 5
48 116 3
49 116 3
47 105 2
51 109 6
47 105 2
48 109 6
47 108 5
53 116 9
63 98 8
59 110 15
56 115 9
57 116 10
49 107 4
53 116 9
50 116 6
48 115 2
49 117 6
79 105 6
66 109 2
62 114 6
58 117 9
59 118 10
51 110 4
48 110 3
48 111 6
49 112 8
51 114 7
50 116 6
53 120 7
52 120 7
67 110 2
56 115 5
53 112 2
53 115 6
50 112 3
51 114 7
49 112 5
51 114 7
47 114 1
49 116 1
48 117 1
55 111 4
60 111 8
56 116 3
55 115 2
56 119 5
55 117 6
49 113 1
52 116 6
49 113 3
54 117 13
54 117 10
47 114 1
51 118 2
50 120 4
48 118 4
76 98 16
68 114 15
62 124 15
50 114 4
51 108 3
59 109 10
62 123 6
64 125 8
59 119 5
59 122 7
58 121 7
53 117 3
57 121 7
53 117 5
60 123 19
58 121 14
53 120 7
61 129 10
59 129 7
53 122 3
57 128 8
53 124 6
61 118 5
59 124 6
60 113 7
72 133 14
71 132 13
65 126 9
65 128 11
66 129 14
62 127 11
65 130 14
61 126 10
64 127 23
59 122 15
57 124 9
68 136 17
65 135 11
58 128 4
60 131 9
56 127 7
74 100 11
73 109 11
64 114 3
64 126 3
63 124 5
70 127 12
73 134 15
74 135 16
68 129 10
71 135 15
75 138 21
72 137 19
73 138 22
66 131 15
66 129 25
59 122 15
57 124 9
69 137 18
65 135 11
58 128 4
61 133 8
58 129 7
59 102 23
63 121 1
67 127 5
67 127 5
66 127 8
71 131 17
69 138 31
65 131 21
67 130 13
70 132 9
71 131 9
75 136 15
73 136 21
64 128 16
68 125 28
69 131 20
61 132 12
56 129 12
57 133 9
48 116 5
49 117 6
63 109 21
67 124 7
69 127 7
73 131 8
75 135 11
74 134 10
71 132 11
76 137 20
59 132 17
52 128 6
48 116 3
81 100 10
65 116 15
73 131 10
74 132 9
76 135 9
77 138 9
55 128 11
59 135 9
60 128 15
51 119 8
48 114 6
47 113 7
48 111 7
65 122 7
69 128 2
73 132 4
79 138 9
51 124 9
53 129 5
66 134 21
54 122 9
52 118 8
53 119 13
52 115 11
53 115 14
50 112 13
64 126 1
77 136 8
57 126 17
52 125 7
57 126 10
48 116 3
49 115 5
51 117 9
53 116 11
55 117 16
53 115 16
70 101 7
65 118 2
76 135 9
69 138 32
60 133 18
58 127 11
55 124 8
55 122 9
55 121 13
56 119 14
56 119 15
51 113 12
60 104 7
58 119 2
80 138 15
59 129 17
62 131 14
66 135 19
65 132 19
61 127 17
61 124 19
56 119 15
62 112 13
53 118 2
77 135 14
59 128 19
56 125 8
65 134 18
65 132 19
59 125 15
60 123 18
54 117 13
66 108 8
61 113 12
62 124 15
54 121 5
73 130 13
67 137 23
62 127 9
64 129 11
64 127 13
60 122 13
60 118 15
56 114 12
48 105 8
54 113 5
77 134 17
68 138 22
72 137 19
74 137 23
70 132 21
68 127 21
64 122 20
57 114 17
50 107 10
57 102 1
56 109 3
54 109 5
62 120 10
64 123 7
80 137 20
70 135 15
71 133 22
65 127 20
62 120 18
56 114 14
50 107 10
55 114 4
60 119 11
67 123 12
70 125 8
80 137 20
64 135 15
58 126 5
64 132 13
68 133 17
65 129 17
60 122 15
54 115 11
50 108 8
57 119 8
66 123 10
71 124 8
59 130 8
61 129 8
65 133 14
65 129 15
60 124 14
55 116 12
48 109 6
51 101 6
57 121 7
65 124 8
77 130 12
55 125 1
60 128 7
63 131 12
60 127 12
58 122 12
53 116 9
48 109 6
51 98 2
49 120 2
55 122 6
63 122 6
77 131 11
56 126 2
56 124 5
51 118 2
47 114 1
55 99 4
54 117 2
56 127 7
61 130 13
65 126 7
78 133 13
66 134 13
61 133 7
57 127 2
56 126 2
61 127 1
76 138 15
74 134 10
59 127 4
53 123 1
55 126 4
65 137 12
59 128 9
49 116 1
66 133 4
74 136 11
77 137 13
71 137 11
52 123 1
59 129 7
53 122 3
66 133 4
59 130 2
54 126 1
52 123 3
70 136 4
61 130 1
55 125 1
57 117 4
76 138 13
78 138 14
84 130 8
82 127 8
78 138 6
71 132 3
65 127 2
58 122 2
52 117 1
56 116 2
50 107 4
65 126 5
81 105 17
76 118 6
77 121 6
77 125 7
78 128 7
74 128 8
67 122 5
58 115 2
58 116 3
55 111 2
51 103 3
62 122 8
73 134 5
85 102 8
73 103 3
74 106 9
67 109 1
69 113 2
54 107 1
48 98 1
55 107 24
49 108 2
60 119 9
69 135 1
87 131 16
79 107 5
82 119 6
80 124 3
81 131 8
77 131 9
66 121 1
81 109 25
70 98 13
66 104 1
64 105 1
69 112 7
77 122 19
52 114 7
64 116 18
81 135 23
71 125 1
79 130 9
72 115 10
63 108 7
74 98 14
64 102 1
55 117 8
51 118 2
74 107 3
71 100 7
61 110 3
75 110 8
77 115 6
73 119 11
65 124 4
74 111 5
66 103 10
58 101 11
64 113 8
78 112 15
80 122 10
78 122 11
76 108 11
68 102 16
86 98 22
