157 244 67
160 241 78
160 241 78
158 241 75
153 237 77
159 226 69
160 249 83
148 238 81
161 243 80
158 246 76
161 238 80
138 213 71
129 229 71
144 243 75
122 215 46
146 220 47
153 222 45
159 246 53
139 246 70
132 241 51
150 238 56
125 226 70
134 233 62
136 232 46
122 226 71
128 230 60
134 234 50
123 230 75
121 227 59
133 236 59
136 236 50
153 210 55
161 238 80
127 233 62
136 239 60
160 236 68
122 228 78
121 230 79
124 235 79
124 230 62
128 232 59
156 231 53
131 236 74
122 229 63
127 235 71
123 231 68
125 231 69
129 236 72
130 235 70
128 232 61
158 231 54
140 236 74
130 229 58
125 228 53
125 228 51
123 230 56
125 228 61
132 235 70
132 235 68
129 231 61
121 224 45
159 228 59
154 235 68
160 246 75
140 231 74
127 223 55
123 220 43
121 222 56
122 223 57
125 224 53
159 237 53
158 238 55
150 232 44
142 239 62
131 226 72
133 228 64
143 241 60
137 230 53
139 234 80
135 224 74
126 223 56
124 222 47
132 233 43
130 224 48
130 227 59
133 232 61
135 234 56
