91 166 3
90 172 9
76 171 5
70 176 6
83 189 1
80 190 3
74 185 3
71 184 6
98 162 6
97 175 11
96 181 15
86 182 10
81 186 8
76 186 1
70 189 3
109 170 30
91 167 6
91 177 8
92 182 9
90 187 9
92 169 5
72 159 2
87 177 2
74 189 10
72 186 3
92 158 26
77 173 3
86 184 1
81 191 4
73 187 1
81 162 8
89 191 3
73 184 2
89 178 8
79 176 9
72 179 3
88 152 14
83 172 6
99 188 10
107 186 7
79 186 10
87 176 8
90 189 2
102 191 11
79 186 28
90 163 12
86 178 5
102 191 5
109 191 3
73 175 14
70 165 9
92 181 1
110 188 6
86 186 26
71 162 7
91 180 2
83 180 21
70 152 5
90 174 1
89 171 1
107 185 3
84 183 31
78 167 13
97 179 9
108 186 4
82 177 31
75 160 13
74 163 19
75 158 16
95 156 17
91 166 3
103 182 2
109 187 7
74 159 6
88 157 2
91 168 2
100 180 5
91 169 5
101 186 4
102 175 32
91 169 21
107 156 30
86 164 16
86 170 10
96 178 5
109 176 18
107 177 16
99 182 14
93 177 4
92 174 1
107 175 10
106 188 15
110 188 26
103 179 21
90 171 6
80 160 3
86 157 3
71 152 13
82 161 8
95 165 4
95 164 9
89 161 1
90 165 13
86 163 5
107 163 10
97 173 5
89 175 6
93 173 14
98 173 20
96 172 12
78 157 4
79 152 1
107 152 9
99 151 6
74 154 5
82 157 12
84 161 5
95 153 7
