164 11 5
136 22 22
131 8 10
128 8 7
155 6 2
145 6 1
162 8 6
125 6 2
160 8 5
151 3 1
147 9 7
162 9 1
153 9 1
164 9 4
128 15 11
158 9 3
131 3 2
138 4 3
143 3 2
125 1 1
133 3 3
163 4 1
130 2 1
144 5 2
164 5 1
129 4 2
134 4 2
161 1 1
154 1 4
161 1 3
139 3 3
146 4 2
152 4 2
127 5 2
134 7 1
156 9 1
136 7 1
145 13 1
161 31 7
135 15 1
147 8 1
151 10 1
157 10 2
163 9 1
142 9 2
144 10 1
151 10 1
157 10 2
163 9 1
126 9 2
132 9 1
135 11 3
142 11 3
148 11 3
153 22 4
130 12 2
135 13 2
125 15 2
154 24 8
151 17 5
134 16 2
124 31 16
141 14 5
143 14 8
124 5 1
127 30 24
