167 186 44
155 173 39
156 176 45
181 192 26
178 194 26
179 196 32
175 193 33
168 188 29
179 191 29
180 192 32
174 189 28
166 186 29
176 191 10
177 191 20
169 182 32
161 171 48
178 187 34
166 174 39
177 185 24
164 173 30
179 177 42
176 172 47
180 183 44
183 196 29
182 195 30
180 191 35
180 189 46
167 189 26
178 179 41
179 196 32
177 194 30
176 192 34
176 190 43
162 160 39
171 174 43
176 196 37
172 191 37
170 188 40
171 189 45
154 181 40
158 194 10
160 183 13
178 182 45
173 191 43
169 187 43
167 184 43
173 183 48
145 177 32
152 184 15
165 180 17
173 187 48
171 185 46
175 183 45
162 165 32
155 183 47
150 183 40
149 176 21
172 179 21
176 184 39
177 181 35
153 174 35
161 178 24
167 180 28
171 183 37
180 190 39
168 176 29
174 171 38
168 169 31
152 176 36
154 174 23
164 179 26
173 186 34
172 181 36
182 186 49
173 173 39
166 168 25
166 169 36
143 176 33
150 176 27
155 176 23
169 186 22
175 189 31
177 190 48
177 185 47
168 172 33
167 171 22
157 161 15
156 158 49
149 181 35
150 177 20
167 189 18
177 193 24
173 185 41
161 170 25
174 181 26
165 172 16
171 189 15
169 184 33
159 171 23
171 185 30
168 180 18
148 180 9
162 184 13
178 189 33
181 190 37
167 181 24
162 177 26
162 178 27
156 172 14
151 176 12
167 184 18
180 191 27
183 190 34
183 190 35
183 190 35
178 180 19
167 178 14
165 181 30
150 170 23
146 165 14
174 178 41
178 185 43
169 181 33
169 185 34
173 192 41
182 189 34
180 187 29
179 186 28
179 186 30
179 186 31
168 177 10
166 182 31
148 170 23
145 164 13
160 179 10
161 178 14
168 182 25
181 191 40
182 182 24
180 180 20
175 180 18
172 180 19
170 180 21
172 176 19
169 176 18
162 178 17
153 175 14
143 170 13
144 162 14
153 167 12
159 181 11
162 181 12
160 179 12
158 174 13
163 177 19
174 185 31
181 187 35
179 183 36
178 181 32
178 179 25
177 177 19
175 175 15
171 175 16
168 175 17
164 176 18
169 175 17
166 176 17
162 178 17
153 175 15
153 168 25
157 175 15
159 177 17
158 174 15
156 170 12
159 171 13
168 178 21
175 185 28
181 188 33
177 190 40
177 189 41
178 190 44
183 187 40
180 184 35
178 182 33
177 183 35
177 182 30
178 179 25
177 177 19
174 176 17
170 174 15
165 175 18
164 175 19
161 171 14
160 172 14
158 174 16
150 171 14
146 165 13
152 168 17
154 171 17
153 168 13
155 169 12
163 175 17
170 180 21
172 182 21
174 185 31
177 188 34
180 189 38
182 190 42
181 189 42
182 187 43
181 186 44
181 185 46
178 187 34
183 189 37
183 188 36
181 185 36
179 182 33
178 181 32
178 184 34
177 182 30
176 180 25
175 176 20
172 174 15
167 173 15
162 171 16
161 172 18
152 166 9
151 165 10
150 167 11
145 166 13
150 158 49
144 164 15
149 169 18
150 169 15
152 169 11
157 173 14
161 176 15
162 177 14
171 183 25
175 187 29
179 188 33
179 188 33
176 185 32
176 182 32
175 181 31
175 181 33
170 182 22
173 183 24
176 186 27
178 188 31
179 186 31
177 184 29
178 183 31
178 183 31
172 181 30
173 178 26
171 175 20
170 171 15
164 168 11
160 165 11
154 165 11
151 164 14
149 166 12
145 171 18
145 170 16
145 169 13
148 170 10
151 171 11
151 171 11
164 179 18
167 181 23
171 185 27
173 185 27
170 182 24
168 177 22
168 177 22
168 177 22
162 178 17
163 179 18
166 181 20
169 183 25
171 183 25
169 181 23
171 181 24
173 182 27
171 180 27
171 178 23
169 173 18
166 170 13
162 166 11
157 163 11
151 161 12
148 160 12
146 167 14
143 168 12
153 171 11
156 174 14
161 177 18
162 178 19
160 176 17
160 174 16
160 174 16
162 176 18
158 178 21
156 176 17
157 177 18
161 178 20
160 178 18
158 174 13
159 175 14
162 178 17
167 176 23
168 175 20
166 171 16
164 168 11
159 164 9
156 162 10
151 161 13
148 162 15
151 171 11
155 173 13
155 173 13
156 172 13
157 173 14
158 174 15
155 178 25
152 176 20
154 175 20
154 176 16
153 173 13
155 173 9
158 169 13
160 167 12
159 164 9
145 157 9
144 158 13
143 168 14
143 167 11
144 168 12
151 174 22
150 173 21
147 170 17
143 167 11
150 167 11
148 165 11
