158 30 5
172 9 4
174 11 6
148 1 9
140 11 5
167 13 1
141 18 20
179 20 1
180 17 12
158 3 1
141 3 1
165 30 24
178 15 6
166 12 4
171 13 2
157 16 9
155 11 3
141 33 21
160 15 10
161 12 6
151 28 20
173 18 14
153 25 16
168 9 6
158 27 19
172 10 7
148 20 17
168 2 2
153 23 23
150 20 22
171 2 7
170 1 6
168 7 12
176 2 4
164 23 3
151 11 14
164 1 6
171 8 3
175 6 3
180 8 4
168 4 2
172 7 3
160 16 7
165 3 1
168 4 2
180 9 1
150 7 3
175 7 7
170 5 9
173 3 3
179 7 5
156 30 8
157 1 2
168 9 6
158 3 1
160 5 1
164 7 2
167 8 4
171 8 3
174 7 1
179 13 1
153 5 1
167 10 1
168 14 2
169 13 1
171 13 2
171 13 1
173 13 1
180 8 4
180 12 3
176 11 5
178 13 9
158 18 1
150 7 1
156 9 2
158 11 4
162 11 2
163 12 3
165 12 4
165 11 1
165 1 2
170 6 4
175 12 7
177 14 7
162 10 5
158 10 8
153 21 6
157 14 6
142 2 1
145 3 1
146 2 1
155 7 3
158 9 3
159 10 4
160 8 3
165 8 1
165 8 1
170 12 1
156 12 1
153 16 8
149 16 9
145 27 17
142 4 1
144 6 3
147 8 3
149 7 3
152 7 2
155 8 1
157 15 3
147 20 5
141 20 9
