145 89 15
138 81 14
122 73 14
148 88 2
130 78 2
131 85 7
143 91 5
126 82 7
140 90 1
134 86 1
146 96 1
133 87 1
145 96 1
138 92 4
131 86 1
138 93 2
132 88 1
145 96 1
139 94 3
134 90 3
145 96 1
140 93 3
136 90 4
132 87 2
141 94 2
136 90 2
134 88 2
143 94 2
137 90 2
133 87 1
143 94 1
134 86 1
143 94 1
155 91 1
142 84 2
141 83 1
159 92 1
146 84 1
144 81 1
143 82 2
151 85 1
147 82 2
146 80 2
143 80 3
160 89 1
148 81 2
146 80 4
145 79 3
158 86 2
133 81 8
125 72 2
126 73 5
160 85 2
157 85 1
154 83 1
150 82 1
147 80 1
124 71 1
155 83 1
140 78 1
131 79 4
153 80 1
148 79 1
141 78 1
138 76 1
138 76 1
161 83 1
160 81 2
151 78 1
150 79 1
147 78 1
144 76 1
139 75 1
137 75 2
136 74 1
159 80 3
158 79 2
159 77 3
149 77 1
146 77 2
143 75 2
138 74 2
121 68 2
159 77 3
156 77 2
158 76 2
158 76 2
148 76 2
145 75 3
142 74 3
136 72 1
125 71 9
161 75 2
156 74 1
156 74 1
156 74 1
149 75 2
148 76 2
145 75 3
141 73 2
130 76 2
148 74 1
137 74 5
128 69 3
124 66 2
126 71 6
124 69 4
146 74 2
143 73 1
141 67 2
142 71 5
138 69 4
142 74 11
132 68 6
130 68 7
128 68 8
142 72 3
140 71 6
144 75 8
140 66 1
133 80 12
151 63 15
161 68 11
160 67 6
138 66 7
132 63 21
145 67 1
133 65 4
125 64 7
133 68 14
129 63 3
