134 5 9
134 10 10
135 10 16
135 5 3
140 8 6
139 15 5
135 10 4
134 9 7
137 12 16
139 14 20
135 12 15
134 14 13
135 11 3
139 15 7
142 16 4
138 14 4
139 14 10
143 17 18
146 22 24
144 20 20
141 19 16
140 18 13
142 18 16
138 14 12
138 16 13
135 10 8
134 7 1
135 8 1
138 18 2
144 19 1
144 18 4
144 20 10
148 23 19
151 26 24
150 27 22
148 25 18
147 24 16
147 20 14
144 17 11
143 18 12
140 15 9
143 22 1
150 25 3
151 26 8
153 27 13
152 28 18
153 29 21
152 28 20
148 26 15
145 23 10
150 21 15
148 19 13
150 21 15
148 21 14
142 15 8
140 13 6
140 13 6
137 10 3
135 11 9
134 15 11
149 25 1
152 28 2
153 27 2
156 30 7
158 33 15
158 32 18
156 32 20
156 32 20
153 30 14
149 28 11
153 27 15
152 24 13
154 26 15
155 27 16
149 21 10
147 19 8
146 18 7
141 13 2
140 10 8
135 7 4
139 6 11
139 5 2
140 7 2
146 14 1
160 34 9
164 38 16
163 38 20
163 37 22
162 39 23
160 37 19
156 34 13
158 35 20
154 31 16
158 32 18
157 31 17
152 24 11
150 22 9
151 21 8
147 17 4
142 8 7
137 5 3
145 14 4
154 22 7
161 28 9
163 29 4
163 38 6
168 43 15
171 45 22
168 43 23
166 41 23
166 41 23
160 38 17
155 33 10
162 40 25
159 36 21
158 35 20
159 33 19
152 26 12
152 24 11
151 23 10
148 18 5
148 12 12
144 8 8
137 5 3
144 12 10
155 18 2
157 20 1
174 36 8
172 42 6
171 44 12
165 40 22
154 26 23
148 18 16
156 24 22
160 26 25
156 20 20
152 16 16
157 19 19
153 12 18
147 8 13
173 35 6
169 39 5
168 43 15
154 21 22
154 21 22
157 23 24
159 23 25
157 18 21
153 14 17
150 7 13
138 5 8
144 5 8
151 15 1
163 22 4
170 30 7
171 31 4
173 36 2
157 23 24
160 19 25
149 8 14
165 23 1
152 6 16
165 18 26
158 11 21
168 19 25
166 17 23
162 5 12
161 6 2
173 23 25
173 20 23
166 6 14
171 12 16
174 21 23
167 6 14
171 13 2
171 5 5
150 5 8
170 5 1
170 6 4
141 25 26
154 5 7
174 26 12
169 7 2
134 43 22
155 5 6
153 5 5
157 7 6
153 5 5
174 25 1
168 18 3
162 13 6
157 7 6
172 25 7
167 19 9
158 9 5
174 5 12
167 19 7
158 11 4
148 5 1
172 23 3
163 15 3
157 10 3
152 7 2
148 5 1
149 10 3
140 7 2
150 7 1
142 6 8
152 38 2
165 13 2
174 5 2
174 25 5
170 20 6
163 14 7
158 10 6
154 9 4
154 11 3
157 14 6
140 13 4
150 17 20
157 34 3
174 23 4
174 24 7
172 21 10
164 15 9
157 9 5
151 6 1
154 12 2
142 10 5
145 44 16
162 11 2
157 8 2
146 21 3
164 40 4
170 17 3
174 25 1
172 23 1
170 21 1
153 5 1
153 8 3
148 11 1
170 21 1
169 17 6
164 13 6
154 9 4
146 7 4
143 8 2
163 31 6
166 31 2
160 13 5
155 12 6
147 10 4
146 11 5
146 16 3
152 23 1
137 21 8
134 23 6
167 38 7
168 38 4
160 14 1
160 13 3
152 11 1
145 11 2
147 16 6
174 25 3
172 23 3
168 21 3
165 18 2
162 16 1
159 15 4
157 15 5
157 15 5
148 16 1
147 17 4
147 21 9
139 19 3
134 23 4
174 35 2
174 35 2
174 35 4
174 35 4
173 34 3
172 33 4
170 31 2
169 30 1
169 27 5
167 27 4
165 24 4
162 22 5
158 21 5
155 19 5
151 17 5
150 16 5
168 40 3
159 45 11
168 38 2
168 38 2
169 39 5
168 38 4
166 36 2
164 34 2
160 29 1
159 30 1
158 28 2
155 26 4
151 25 3
147 22 4
143 20 4
142 19 3
134 22 2
136 21 2
153 45 6
151 42 9
149 44 15
164 42 1
164 42 3
162 40 1
144 29 2
142 28 2
141 27 3
139 27 5
135 33 11
135 29 7
142 31 1
142 33 4
142 34 6
142 34 8
145 33 9
149 40 17
146 45 1
145 44 2
