165 29 29
167 29 27
160 22 20
154 16 14
154 16 31
169 25 25
162 18 18
164 14 25
158 23 30
169 23 26
163 20 24
159 29 31
138 23 26
162 29 22
165 30 26
158 24 25
152 28 30
159 31 20
164 31 22
169 30 25
164 22 21
157 18 21
155 26 30
150 30 32
144 32 31
165 23 19
157 18 15
150 16 15
150 22 21
154 32 31
155 35 36
143 33 34
161 16 13
138 20 16
136 23 19
145 17 18
130 22 22
162 13 9
132 12 13
131 15 15
138 22 22
167 15 12
133 13 14
131 15 15
167 17 18
158 16 15
146 16 16
137 14 16
130 14 14
165 21 21
152 19 20
140 17 19
131 15 15
168 22 23
156 22 23
143 19 21
134 16 16
166 17 19
156 20 22
144 20 22
136 18 18
162 12 14
153 17 19
144 20 22
138 20 20
135 20 33
153 14 17
145 19 22
139 21 21
156 12 12
151 15 15
148 18 18
139 14 20
134 13 18
166 14 11
159 15 14
151 16 13
146 16 14
141 16 20
136 16 18
169 26 18
157 22 16
152 21 13
146 20 21
140 20 19
130 18 16
161 31 17
152 27 21
145 26 18
135 24 17
160 34 22
152 32 18
139 29 16
165 40 22
157 37 20
145 34 17
131 29 14
169 44 22
162 41 20
148 37 17
133 32 12
164 44 20
150 40 17
136 33 14
164 51 17
149 45 16
135 39 15
147 46 16
132 38 13
145 46 15
140 45 13
133 43 9
143 51 10
133 46 3
137 49 1
130 46 2
137 50 5
140 52 6
133 51 4
130 51 8
140 51 7
131 48 6
129 37 14
132 48 4
135 52 10
141 51 16
131 47 10
153 51 13
136 46 12
133 47 12
147 52 20
142 49 16
143 36 4
131 37 12
156 49 3
147 43 4
148 48 16
143 48 18
140 46 18
132 37 9
141 40 10
131 37 12
141 39 1
150 52 15
151 52 13
138 38 2
163 45 15
157 44 10
157 47 10
158 50 11
140 45 17
142 47 17
135 42 11
155 46 25
145 38 18
139 37 14
139 41 14
143 45 16
139 44 26
142 50 25
144 50 25
144 45 22
140 39 19
134 33 13
130 31 12
136 51 30
141 49 36
136 44 31
132 42 31
132 46 33
132 49 35
