173 174 44
158 172 27
160 186 25
147 169 35
183 182 30
160 180 31
144 162 24
164 183 31
181 193 23
179 187 26
184 173 32
171 184 17
181 188 23
183 187 41
156 169 27
150 158 23
177 189 27
182 190 43
174 183 16
180 187 19
181 188 10
184 181 14
179 183 28
184 181 26
180 183 42
179 182 17
182 180 18
180 184 25
171 174 45
148 171 39
176 178 7
176 181 26
168 171 18
168 172 35
149 172 29
184 183 39
182 179 12
184 182 22
181 187 39
175 180 18
170 171 15
167 172 28
164 176 38
149 173 23
182 178 8
180 174 16
182 179 26
184 186 25
184 190 32
178 184 34
173 177 20
166 169 18
164 168 31
157 171 34
178 175 18
181 174 6
180 173 20
184 180 31
181 185 26
182 189 24
184 190 28
179 187 42
176 182 30
171 174 23
164 166 23
157 162 33
147 163 31
144 154 19
170 174 17
183 181 19
178 176 16
177 174 33
182 184 21
184 186 25
184 188 31
176 191 28
172 184 24
161 172 16
151 161 10
146 160 13
150 162 36
170 176 24
177 180 15
180 182 13
179 181 22
182 182 36
181 183 20
182 184 23
182 186 27
184 189 34
184 185 45
173 188 23
168 183 20
159 171 13
147 160 8
145 161 13
160 174 27
167 179 9
175 182 14
176 182 24
175 180 26
177 182 18
177 182 20
179 183 24
180 185 30
182 189 34
184 188 42
179 183 36
177 181 34
168 185 19
164 181 17
153 167 9
144 162 14
148 171 28
149 168 26
169 182 14
174 181 23
172 180 19
175 180 18
175 180 18
176 180 21
177 183 25
180 185 30
184 189 35
183 189 39
178 184 32
174 181 26
171 178 23
162 183 16
160 178 14
148 165 7
149 173 33
148 171 31
158 181 11
165 181 13
168 178 19
171 177 15
172 178 16
172 178 16
172 178 18
175 179 20
178 182 25
181 185 30
181 191 34
182 192 35
183 193 34
184 192 45
184 191 36
179 186 30
172 182 25
168 178 19
165 175 16
157 179 16
153 173 13
152 176 36
164 186 23
163 180 14
164 172 11
169 173 14
169 175 13
169 175 13
169 175 13
172 176 17
176 178 19
179 181 22
182 182 24
183 183 27
176 183 25
177 185 24
178 186 23
180 188 23
181 189 26
181 188 30
182 188 36
182 188 40
181 189 42
183 191 44
182 187 32
182 187 32
181 186 31
178 185 29
172 182 23
167 177 18
161 173 13
158 170 10
148 172 14
152 173 18
160 175 12
165 170 8
173 170 17
164 172 9
164 172 9
166 172 10
168 173 11
172 174 13
174 174 14
177 175 15
178 176 16
172 178 16
173 180 15
174 181 15
176 183 17
178 185 20
179 185 25
180 185 31
181 186 34
180 185 41
182 187 43
181 183 37
179 182 33
175 179 22
176 180 23
174 180 22
172 179 21
166 176 17
160 172 12
155 167 7
160 172 10
164 166 5
164 158 8
161 169 6
161 169 6
163 169 7
166 171 9
169 171 10
170 171 8
173 171 9
174 170 9
170 176 14
171 178 13
172 179 13
174 181 13
176 183 17
178 184 22
179 184 29
180 185 31
179 184 42
181 186 44
184 187 44
181 183 37
176 178 32
175 175 27
172 173 17
170 174 17
169 175 17
167 174 16
161 171 12
155 167 7
159 162 21
159 165 5
161 167 9
163 167 10
164 168 11
164 168 11
168 177 8
170 178 13
171 178 20
171 177 27
171 176 30
171 179 32
171 179 32
175 180 34
177 182 36
177 181 35
175 177 32
169 171 25
165 167 21
164 168 11
162 166 9
160 166 6
144 154 5
153 158 16
160 166 8
163 169 11
159 165 7
165 174 7
165 173 10
164 171 13
163 170 15
164 173 20
165 174 21
168 174 22
170 176 24
170 176 24
167 172 20
162 167 15
158 163 11
157 167 8
158 168 9
158 168 9
159 169 10
159 169 12
156 166 9
154 161 5
146 156 5
151 161 10
151 162 6
146 155 14
146 155 10
146 156 5
