91 164 46
77 146 53
72 143 49
86 160 39
82 156 35
81 157 35
93 147 35
92 137 42
80 147 54
98 166 27
95 157 32
92 140 40
86 150 54
99 165 42
95 147 46
85 141 40
94 144 49
81 145 35
86 160 45
81 165 25
77 143 33
98 151 47
81 146 30
74 143 27
99 150 45
85 144 28
88 154 30
87 163 28
79 150 32
87 145 32
81 142 23
84 149 23
97 164 32
99 165 33
90 159 32
82 155 37
74 136 39
91 133 47
85 140 21
83 155 21
98 166 29
98 162 24
99 158 42
75 147 35
67 138 32
63 128 28
81 128 36
86 148 21
74 152 17
84 160 25
93 165 29
71 137 37
59 132 27
59 133 22
82 149 20
69 149 16
72 154 20
79 139 53
63 140 28
69 152 22
85 166 35
95 165 30
60 138 26
64 155 24
89 154 26
95 157 32
99 131 46
61 128 48
69 146 44
85 126 50
89 151 24
99 161 36
98 160 37
65 135 46
70 132 31
61 127 21
70 145 18
93 154 27
95 163 42
97 165 46
81 143 18
82 153 25
87 163 41
69 149 18
72 154 28
81 161 38
83 138 54
96 134 51
75 135 37
67 147 16
64 154 20
67 152 23
75 157 29
82 162 39
87 162 43
91 161 47
96 146 51
85 142 45
72 133 38
97 129 44
67 127 31
65 152 19
73 159 26
79 162 30
86 165 37
92 135 46
65 132 26
61 129 30
66 158 23
76 162 25
81 164 30
96 165 40
76 127 34
65 143 21
70 151 23
70 153 23
68 154 21
83 156 23
91 164 31
94 163 36
77 137 37
65 146 17
70 153 21
68 154 21
80 158 22
88 166 31
90 166 32
86 162 30
86 161 32
95 165 40
97 166 47
97 139 29
98 139 47
61 126 24
68 149 20
77 160 28
75 158 26
81 163 27
80 160 27
77 157 26
81 161 30
87 164 36
88 165 37
83 158 29
79 154 25
79 154 27
85 159 34
92 166 43
91 164 46
90 163 45
91 166 47
85 159 44
78 150 38
84 152 39
92 155 41
77 137 24
86 136 39
79 131 48
62 129 24
60 133 18
66 142 18
77 156 29
82 163 34
77 160 30
73 161 25
75 161 26
72 158 23
65 151 16
67 150 16
74 157 25
83 164 33
80 156 30
77 153 27
76 152 26
81 157 33
88 164 42
90 165 46
87 162 43
87 161 38
87 165 43
83 164 43
69 153 32
61 144 26
69 149 34
71 150 35
79 137 35
79 139 51
60 130 18
65 140 21
69 147 25
68 148 25
64 146 22
63 148 18
70 156 23
76 159 27
75 158 26
77 155 33
75 153 31
75 153 31
78 156 34
84 162 40
88 166 46
86 164 44
83 161 41
72 150 30
73 153 32
72 156 34
60 148 26
64 129 39
60 144 20
66 151 24
70 152 24
66 148 20
68 147 28
70 149 30
71 151 30
73 153 32
77 157 36
79 159 38
77 157 36
72 152 31
59 136 20
59 144 23
61 128 22
60 141 23
62 143 23
60 140 19
63 144 26
65 146 26
65 146 26
65 146 25
60 141 20
59 138 19
62 137 36
62 137 36
