116 12 19
123 4 8
122 1 6
122 1 6
89 14 21
124 3 10
121 4 10
127 1 5
126 5 12
116 3 9
124 9 16
124 6 18
111 5 9
115 3 2
118 9 14
123 7 20
111 8 11
113 3 4
111 5 9
119 4 17
125 3 16
127 7 19
90 5 12
100 8 13
105 9 11
111 2 8
114 3 12
121 3 15
124 4 16
125 5 17
126 4 17
124 10 20
126 16 29
94 5 9
96 4 5
107 2 7
113 2 11
114 7 17
109 5 14
111 5 15
112 6 16
114 7 17
117 7 18
117 5 17
119 4 17
118 3 16
124 4 16
122 6 17
121 10 19
121 15 27
93 8 13
91 5 6
103 4 9
108 2 12
108 7 15
96 7 11
97 8 12
99 8 13
100 9 14
102 10 15
104 9 15
105 8 15
105 8 15
119 3 14
125 9 20
126 10 21
121 5 16
123 6 22
125 8 24
126 8 24
125 4 13
126 2 13
124 2 15
118 2 13
115 5 14
113 7 17
113 13 25
87 11 15
87 7 8
98 7 12
98 3 11
95 4 11
89 7 11
90 8 12
93 8 13
94 9 14
96 9 15
98 9 15
100 9 16
100 9 16
112 5 15
114 7 17
113 6 16
111 4 14
108 1 11
109 2 12
112 5 15
115 8 18
116 6 19
122 12 25
122 10 24
121 9 23
126 8 24
126 2 13
124 2 13
119 3 12
119 1 13
119 5 15
119 9 18
114 10 19
104 4 12
110 18 29
88 8 11
89 4 11
88 6 12
91 6 13
91 6 13
93 6 14
96 6 15
98 7 16
100 7 17
100 7 17
109 9 19
111 11 21
111 11 21
107 7 17
101 1 11
104 4 14
111 11 21
110 8 21
122 17 31
119 14 28
111 5 19
117 9 24
126 15 31
122 10 26
114 2 18
125 13 25
123 7 20
123 2 17
127 2 16
124 2 13
123 3 13
111 4 10
111 2 8
114 7 15
126 22 31
118 21 28
95 3 8
88 5 13
87 4 12
89 3 12
91 4 13
93 3 13
96 4 15
97 5 16
98 5 16
95 4 13
94 3 12
95 4 13
97 6 15
96 5 14
94 3 12
94 3 12
95 4 13
106 10 21
115 19 30
110 13 24
106 4 17
118 13 27
117 12 26
112 6 20
114 10 21
113 5 18
117 2 15
120 2 16
123 3 15
124 4 16
121 3 15
119 3 12
106 5 9
107 3 10
107 2 9
109 8 16
91 4 10
87 4 14
88 5 15
92 6 15
88 2 11
88 2 11
94 8 17
99 13 22
97 11 20
93 7 16
90 4 13
99 7 18
104 12 23
100 7 18
101 3 16
107 9 22
110 9 23
110 9 23
102 5 14
105 3 14
110 2 15
116 1 14
118 2 15
119 3 14
117 3 13
117 3 13
102 6 10
100 4 8
104 5 10
103 3 11
105 8 15
119 28 35
91 11 14
90 9 16
91 10 17
95 14 21
93 12 19
90 9 16
89 8 15
93 6 15
96 6 16
93 3 13
95 3 14
100 7 18
100 4 16
100 2 15
105 7 20
97 2 10
101 1 11
107 1 13
111 1 12
116 1 14
116 2 12
113 2 11
98 6 9
98 3 7
103 6 13
104 7 14
101 9 14
112 23 29
94 15 18
90 14 18
95 14 20
95 10 17
94 4 13
96 3 13
99 3 14
101 4 15
100 7 15
100 7 15
100 7 15
100 7 15
100 7 15
99 6 14
99 6 14
98 5 13
98 1 10
102 11 16
87 1 2
111 22 24
94 2 7
92 7 14
94 19 23
97 18 23
92 11 17
92 7 14
99 9 18
101 10 19
97 4 14
97 6 13
97 6 13
97 6 13
96 5 12
96 5 12
96 5 12
96 5 12
96 5 12
98 2 13
97 8 14
96 11 14
99 13 14
90 15 20
89 8 15
99 16 24
103 17 26
97 10 19
92 7 14
91 6 13
90 5 12
89 4 11
89 4 11
89 4 11
90 5 12
91 6 13
91 1 11
95 16 19
91 14 22
93 16 24
90 10 19
87 8 14
88 27 32
