162 44 40
145 20 16
173 38 35
150 27 29
170 30 33
177 26 31
167 19 19
147 25 10
140 28 27
145 21 21
162 27 24
177 34 30
176 24 19
178 23 18
179 37 36
167 30 24
170 28 24
170 28 24
171 28 24
166 21 16
162 19 13
162 19 11
164 23 14
178 36 24
176 32 21
175 26 19
173 30 32
170 26 17
168 25 17
161 20 11
157 16 9
164 23 16
168 26 22
166 23 19
166 23 19
177 33 25
176 20 21
172 22 23
166 31 27
162 22 21
160 22 19
153 20 15
156 24 19
164 31 26
166 27 24
169 23 23
177 27 26
165 25 26
173 27 28
168 29 26
162 23 18
176 31 26
176 35 26
158 31 16
168 18 30
156 12 21
144 9 13
152 24 23
159 32 26
155 22 17
161 19 15
177 29 25
171 37 34
157 22 19
162 22 21
165 23 22
163 21 20
161 23 21
156 22 19
158 26 22
148 23 21
148 20 17
152 20 18
158 23 20
163 24 21
167 22 19
171 23 19
176 27 23
168 36 32
155 21 18
159 21 19
161 21 20
159 19 18
159 21 19
155 21 18
157 25 21
147 22 20
148 20 17
152 20 18
158 23 20
163 24 21
167 22 19
172 24 20
176 27 23
163 35 32
149 19 17
152 18 17
156 18 18
155 17 17
155 19 19
152 20 18
154 24 22
147 22 20
147 19 18
152 20 18
158 23 20
163 24 21
168 23 20
172 24 22
177 28 24
179 27 24
155 33 30
141 17 15
146 16 16
150 16 17
149 15 16
151 17 18
150 17 18
152 22 22
147 21 22
147 19 18
151 18 19
158 22 22
163 23 22
168 22 22
172 24 22
177 27 26
178 26 25
146 31 28
140 16 16
144 16 17
146 13 16
147 17 19
146 16 18
149 21 22
146 20 21
147 19 20
151 18 19
158 22 22
163 23 22
168 22 22
173 25 25
177 27 26
139 30 27
141 17 19
143 14 18
145 16 20
144 15 19
146 20 23
146 20 21
146 18 19
151 18 19
157 21 23
163 23 24
168 22 23
173 25 25
178 28 29
179 29 31
140 17 19
142 16 19
144 18 21
142 16 19
144 20 22
145 19 22
146 18 19
151 18 21
157 21 23
164 24 25
169 23 24
173 25 25
178 28 29
176 27 31
139 19 21
142 17 21
144 18 22
142 16 20
143 18 22
145 19 22
146 17 21
150 17 20
157 21 23
164 24 25
169 23 24
174 25 27
178 28 29
141 15 16
141 15 19
142 17 23
145 20 18
147 19 18
149 19 19
153 21 19
158 22 22
163 25 23
167 27 26
169 29 28
177 34 30
178 34 33
140 16 16
139 14 18
141 16 22
145 20 18
147 19 18
149 19 19
152 20 18
156 22 21
163 25 23
167 27 26
170 30 29
177 33 32
178 34 33
140 16 16
139 16 21
145 19 20
145 20 18
147 19 18
151 18 19
155 21 20
160 24 24
166 28 26
170 30 29
178 34 34
178 34 34
143 19 19
144 18 19
146 18 19
148 18 18
155 21 22
160 24 24
166 28 28
170 30 31
178 33 36
178 33 36
142 18 20
142 18 18
143 17 18
148 18 20
154 21 22
159 25 26
164 28 28
169 31 31
178 33 38
178 33 38
139 16 18
140 16 18
143 17 20
148 20 21
154 21 24
159 25 26
164 28 30
168 29 32
177 32 39
178 33 40
139 15 17
143 17 20
148 20 21
153 23 25
159 25 26
163 27 29
164 28 30
177 31 41
177 32 39
142 18 20
149 20 24
154 24 26
159 26 29
162 28 29
164 28 30
176 30 40
177 31 41
139 16 19
142 18 20
147 18 22
150 20 22
156 23 26
159 24 28
166 27 30
169 29 32
173 30 32
178 32 33
139 16 19
141 17 19
143 17 20
148 18 20
153 20 23
155 22 25
167 28 31
169 29 32
174 31 33
178 32 33
139 16 18
140 16 18
144 16 17
148 18 20
150 20 22
158 22 24
163 24 27
168 28 29
174 30 30
178 30 30
141 17 17
144 18 19
148 20 21
155 21 22
158 22 24
163 25 25
168 26 25
171 25 25
175 25 24
179 27 24
175 32 24
140 18 17
143 19 19
146 22 22
157 24 25
159 25 26
163 25 25
164 24 23
167 23 22
172 24 22
178 29 25
175 22 16
178 30 18
177 43 32
141 19 18
143 21 20
153 20 21
154 21 22
158 22 22
161 23 21
167 25 23
175 30 27
144 14 14
148 15 16
153 19 18
158 20 18
165 23 21
174 31 27
144 16 15
147 17 17
152 18 17
154 19 16
158 19 16
165 22 18
173 28 23
146 16 24
143 15 14
147 17 15
153 17 17
159 19 18
165 21 20
172 24 22
176 26 25
140 15 13
146 16 16
152 18 17
157 19 17
164 22 20
170 25 22
175 27 25
142 17 15
148 18 16
154 19 16
160 21 18
167 23 22
171 26 23
176 27 21
175 26 20
176 25 18
139 17 14
145 17 14
150 18 16
156 21 18
162 23 20
167 25 23
173 25 21
173 25 21
174 25 19
178 25 20
140 16 14
145 17 14
151 19 15
157 22 18
161 23 20
168 23 20
171 26 21
175 27 23
177 25 22
179 26 21
140 17 12
146 16 14
152 20 16
156 22 19
163 19 18
169 24 21
174 26 24
174 24 23
176 24 21
141 16 12
148 19 14
152 20 16
161 19 17
166 22 21
170 24 24
171 23 21
176 24 23
139 16 11
145 18 12
149 20 15
163 21 20
165 23 21
166 22 21
170 22 22
174 24 23
145 20 26
153 16 24
147 25 24
157 30 24
179 30 26
166 10 11
166 44 23
154 4 13
158 18 19
163 24 21
165 13 8
174 17 12
166 19 11
143 12 20
152 21 26
139 20 14
145 15 25
157 43 42
150 38 14
149 38 27
173 24 17
169 21 7
