148 5 7
152 9 13
141 1 4
152 5 11
162 5 16
142 4 4
162 17 20
155 10 23
152 4 4
143 5 2
149 1 1
155 6 8
152 6 9
154 1 6
158 5 7
154 4 16
157 6 15
158 17 26
166 8 7
170 8 3
179 11 24
163 3 15
144 1 3
143 9 18
162 14 26
171 7 5
175 8 2
163 3 5
149 3 4
172 2 2
157 1 5
166 7 12
176 9 3
170 4 6
168 5 6
172 8 9
173 5 22
162 7 13
175 5 6
164 9 13
151 12 5
164 9 13
171 5 7
177 9 9
177 10 17
163 4 8
162 7 5
170 9 17
168 17 26
155 6 2
151 1 3
151 1 2
144 18 19
173 9 16
155 4 9
161 7 9
166 3 8
173 8 14
176 11 18
161 3 4
170 7 2
170 11 16
171 11 23
172 11 26
178 10 7
173 7 7
169 6 11
160 4 7
147 1 1
152 8 8
162 11 26
176 10 20
171 3 2
155 5 4
140 6 3
156 3 6
163 4 9
168 9 14
167 4 9
161 5 6
162 10 5
171 7 6
169 3 7
174 15 19
179 18 26
175 5 18
174 7 17
177 18 23
177 13 14
180 6 8
174 8 10
166 8 7
157 9 5
153 10 6
151 9 8
156 13 19
144 4 5
164 5 10
171 10 15
168 12 15
164 5 9
159 9 11
150 5 10
165 5 17
165 6 10
163 8 6
168 11 6
173 9 7
179 5 7
175 15 3
179 7 7
175 2 4
175 5 8
172 6 6
170 8 6
167 9 10
165 5 15
168 7 23
176 7 10
172 9 2
174 2 2
161 8 10
152 7 12
162 18 18
158 18 19
160 6 14
159 2 9
159 5 7
161 6 2
173 3 4
178 5 7
180 6 7
180 6 7
176 6 6
177 7 7
179 5 6
180 1 4
179 7 7
179 3 6
176 2 4
172 3 6
166 6 6
164 8 9
168 10 11
175 10 14
165 7 22
173 12 20
174 9 16
173 4 11
171 5 7
153 7 8
152 6 9
158 12 13
153 13 12
156 5 10
161 1 9
161 5 6
168 6 4
176 4 4
180 4 6
180 6 7
176 6 6
175 5 5
177 4 6
178 2 5
179 5 6
179 3 5
180 1 5
178 4 6
173 4 7
169 6 7
171 7 8
176 7 12
173 5 20
167 9 24
165 5 13
162 12 11
161 11 10
167 7 9
173 4 9
170 2 2
152 2 3
154 3 8
156 7 9
150 12 10
157 7 9
163 4 9
167 7 7
177 7 7
178 6 6
173 5 5
172 4 4
173 3 6
177 5 3
180 4 7
177 4 6
175 5 6
177 4 8
174 7 15
175 8 18
171 7 6
162 11 4
157 9 5
165 9 10
170 4 8
170 1 4
162 7 5
154 1 6
154 6 6
149 11 8
158 9 11
165 6 10
171 7 6
178 6 6
172 4 4
169 3 5
170 4 6
174 5 2
178 4 3
178 4 5
177 5 5
163 13 22
174 10 17
175 2 6
172 7 5
169 6 7
175 10 14
169 4 8
163 5 4
171 7 5
154 4 5
148 9 6
153 7 8
160 4 7
168 4 3
172 4 4
169 3 5
170 4 6
172 4 1
174 5 2
178 4 3
177 5 5
174 6 5
162 6 9
171 8 13
173 3 12
171 9 22
169 15 23
173 4 11
179 4 9
172 6 8
162 7 3
151 4 10
157 7 9
147 7 6
150 4 5
158 4 6
166 4 2
177 5 5
173 5 5
173 5 5
173 3 3
174 4 4
175 5 5
178 4 5
178 6 6
174 6 5
179 2 10
177 5 5
167 4 9
162 8 18
168 13 21
170 3 11
177 2 9
175 6 11
179 12 19
176 6 9
169 4 2
177 3 4
150 9 15
158 9 13
145 5 6
149 3 6
156 6 8
165 7 6
178 4 3
179 5 6
177 5 5
177 3 4
180 1 5
179 5 7
176 6 7
178 6 6
180 4 6
178 6 6
169 4 2
176 6 7
177 4 8
175 5 6
173 5 4
169 4 2
167 9 10
162 12 14
167 8 12
175 6 11
174 4 5
169 6 7
172 12 14
179 10 17
178 5 9
173 3 3
147 8 13
157 8 14
146 3 5
149 3 6
158 8 10
164 9 7
174 5 2
180 6 7
180 4 4
178 2 2
179 6 8
178 5 7
178 4 5
177 1 1
173 4 11
168 5 8
177 11 13
169 3 7
165 6 10
164 7 2
177 9 6
176 7 4
169 5 3
168 8 10
173 6 13
177 8 11
174 10 9
147 3 3
152 4 2
149 7 5
150 8 6
159 7 6
169 5 6
179 7 7
180 4 4
179 3 5
179 3 5
178 2 4
179 3 5
178 2 4
170 6 7
176 23 25
171 8 9
177 9 9
169 3 5
162 3 7
163 9 9
164 6 3
165 6 3
163 9 9
169 6 11
179 10 7
174 11 14
146 4 2
145 6 3
153 5 3
162 4 3
167 4 5
170 4 4
177 5 5
180 4 4
180 4 4
179 3 3
178 12 12
177 8 11
172 2 3
165 2 3
161 8 10
160 4 8
163 5 6
168 2 2
162 6 7
167 2 6
178 5 7
173 11 6
158 18 19
147 3 2
146 4 2
144 5 2
150 4 4
157 5 2
154 4 5
159 5 5
167 5 3
174 6 5
179 7 5
180 6 5
179 7 5
178 6 4
177 6 12
177 2 7
172 2 3
163 3 3
156 6 5
155 5 6
160 4 5
178 4 6
167 7 9
169 4 8
177 7 8
170 13 8
149 16 19
147 5 4
149 5 5
147 5 4
148 4 3
153 5 3
148 6 5
151 5 6
159 5 5
168 5 6
174 6 5
175 5 5
176 4 4
176 4 4
180 6 5
180 4 4
180 6 8
171 1 4
174 5 8
168 4 5
163 5 4
159 5 3
157 5 4
155 5 4
168 4 5
177 2 7
164 4 4
163 3 3
172 3 6
172 4 4
147 11 13
140 4 4
144 4 5
145 2 4
145 3 2
148 2 2
143 3 6
146 1 4
152 2 3
160 4 5
168 5 6
171 5 5
174 6 6
176 6 7
175 5 5
176 6 6
178 6 6
179 5 6
180 4 4
179 7 7
167 5 3
164 10 10
157 5 4
160 4 5
164 4 4
162 2 4
147 8 3
151 5 5
159 3 4
159 7 4
168 3 7
140 1 4
142 2 1
142 3 6
142 2 3
147 1 2
156 3 5
161 5 6
165 5 7
168 5 8
170 5 9
168 4 3
170 6 5
171 5 5
174 6 6
178 6 6
180 6 7
172 2 2
151 7 6
147 5 4
157 4 6
141 7 4
151 2 4
157 7 8
159 9 8
162 3 7
164 3 11
141 7 8
142 2 1
147 3 2
152 4 4
153 3 4
156 3 6
157 4 7
161 3 4
164 6 5
165 5 5
169 5 6
172 6 6
175 5 6
177 5 5
180 8 8
175 5 6
177 5 5
175 7 6
162 7 5
149 7 6
151 7 7
159 3 4
144 6 6
143 4 7
149 7 6
154 1 3
150 1 3
143 19 19
142 4 2
144 4 3
146 4 3
147 2 5
149 4 7
157 3 3
161 5 6
163 5 6
165 5 5
169 5 6
169 3 3
171 3 3
174 4 4
165 7 6
171 3 2
163 3 3
148 3 6
140 6 7
149 11 11
154 6 4
147 2 7
140 3 10
144 6 4
151 11 12
141 1 2
144 2 1
146 4 2
147 5 1
146 2 1
154 6 6
160 7 9
161 5 8
163 5 6
161 5 6
159 5 5
159 7 6
162 3 7
163 5 6
163 5 6
160 4 7
159 6 8
153 7 10
148 5 9
143 2 8
143 8 2
144 4 5
140 6 3
143 10 15
145 3 1
151 5 5
155 5 6
157 3 5
158 2 5
158 2 3
156 2 2
156 4 3
159 5 5
159 3 4
162 2 4
159 1 2
155 1 3
150 5 8
141 8 9
147 4 6
152 1 6
148 7 13
140 1 4
146 4 3
148 2 3
151 1 2
154 1 3
155 2 4
154 2 1
153 3 2
154 6 4
156 2 2
161 3 4
148 8 7
147 7 10
140 2 2
144 2 1
148 2 3
149 3 3
150 2 2
151 3 3
151 3 3
153 3 2
158 4 4
157 3 5
151 2 4
146 8 8
140 4 4
141 7 6
142 8 17
141 3 3
142 2 1
148 2 2
151 5 5
149 5 4
146 4 2
144 6 4
145 2 4
146 6 7
140 5 2
