161 36 42
164 34 34
180 31 25
177 26 31
162 30 43
143 38 43
179 44 38
172 38 29
179 36 32
179 26 31
166 21 28
157 29 26
168 36 24
174 36 25
176 43 36
179 38 28
147 22 20
145 27 17
168 41 26
174 42 27
166 29 39
176 21 29
179 21 22
178 26 21
178 43 40
142 20 19
145 24 16
151 31 17
157 35 20
157 34 19
151 27 15
179 20 38
171 24 34
164 24 25
170 25 20
179 41 28
169 28 34
148 13 30
142 12 24
141 19 18
143 20 15
147 17 15
159 21 21
171 26 31
155 28 11
165 32 17
171 29 15
174 28 15
172 28 19
178 30 28
174 31 33
141 15 18
146 16 16
150 18 14
154 21 16
159 24 18
164 27 19
169 25 25
175 29 30
179 30 32
178 28 29
180 27 29
142 16 17
147 17 17
151 19 17
156 21 17
162 25 19
165 28 22
168 23 26
173 29 29
177 31 32
179 29 31
142 16 19
141 15 18
145 17 18
148 18 18
153 19 18
157 22 19
162 24 21
165 28 22
168 25 27
173 28 31
178 32 33
180 31 33
141 13 14
140 14 15
142 16 17
147 19 18
152 19 20
155 21 20
158 23 20
163 25 23
166 27 24
172 29 31
177 32 35
147 25 24
146 20 21
141 16 14
145 17 16
149 19 19
153 21 19
156 22 21
161 23 23
164 24 25
166 26 27
175 35 38
179 36 40
145 21 19
143 15 12
146 18 15
150 20 18
154 22 20
157 21 21
161 23 23
164 24 27
168 25 29
176 36 39
180 37 41
140 21 17
143 16 10
146 19 13
150 20 18
156 22 21
158 22 22
162 22 25
166 23 27
167 24 28
174 33 39
176 36 39
141 30 19
143 16 10
147 18 13
152 20 16
156 22 21
158 22 24
162 22 25
165 22 28
167 24 30
171 30 36
173 32 38
148 18 16
148 18 16
150 18 16
153 19 18
156 20 20
161 23 23
164 26 26
166 26 27
169 29 32
173 30 34
177 34 38
147 17 15
147 17 15
150 18 16
153 19 18
156 20 20
161 23 23
164 26 26
167 27 28
169 29 32
173 30 34
176 33 37
142 20 15
146 16 14
147 17 15
150 18 16
152 18 17
156 20 20
161 23 23
164 26 26
167 27 28
169 29 32
172 29 33
175 32 36
142 17 21
141 16 14
146 16 14
146 16 14
149 17 15
152 18 17
156 20 20
161 23 23
164 26 26
167 27 28
168 28 31
172 29 33
175 32 36
143 17 21
142 14 15
146 16 14
146 16 14
149 17 15
152 18 17
155 19 19
160 22 22
163 25 25
166 26 27
167 27 30
171 28 32
175 32 36
180 35 40
140 13 20
144 16 17
147 17 15
147 17 15
150 18 16
152 18 17
155 19 19
160 22 22
162 24 24
165 25 26
166 26 29
171 28 32
175 32 36
180 35 40
145 16 20
148 18 16
148 18 16
150 18 16
152 18 17
154 18 18
159 21 21
161 23 23
163 23 24
166 26 29
171 28 32
174 31 35
179 34 39
140 15 21
144 15 19
149 19 17
149 19 17
150 18 16
152 18 17
154 18 18
158 20 20
160 22 22
162 22 23
166 26 29
171 28 32
174 31 35
177 32 37
180 33 39
142 13 18
141 17 15
145 20 18
149 21 18
151 21 19
154 22 18
156 24 20
158 24 21
163 29 28
166 30 30
171 33 31
176 34 33
179 33 33
143 14 18
140 16 14
142 18 16
145 20 18
149 21 18
150 20 18
151 22 17
154 22 18
156 24 20
160 26 25
163 27 27
168 30 28
173 31 30
177 31 31
142 16 19
142 18 16
144 20 18
146 21 19
148 20 17
149 19 17
153 21 17
154 22 18
156 22 21
158 24 23
164 26 24
170 28 27
174 28 28
178 30 30
141 19 18
144 20 20
145 20 18
147 19 18
148 18 16
149 19 17
152 20 18
152 20 18
155 21 20
159 24 21
165 25 24
170 26 25
176 28 28
180 30 29
140 18 17
142 20 19
143 19 19
144 19 17
145 17 16
147 17 15
148 18 16
151 19 17
154 20 19
158 23 20
164 24 23
169 25 24
172 26 26
178 28 27
180 30 29
141 18 20
142 18 18
143 17 18
145 17 16
145 17 16
147 17 17
148 18 16
152 20 18
156 22 19
161 23 21
166 24 22
170 24 24
174 26 24
177 27 26
140 17 19
140 18 17
141 17 17
142 17 15
145 17 16
146 18 17
147 17 15
151 19 17
155 21 18
159 21 19
163 21 19
167 21 21
171 23 21
174 24 23
140 17 19
141 17 17
142 16 17
145 17 16
146 18 17
146 16 14
150 18 16
153 19 16
158 20 18
161 19 17
163 19 18
169 21 19
171 21 20
141 15 19
142 18 18
144 18 19
148 20 19
153 21 19
157 22 19
162 22 21
165 23 21
167 24 20
177 25 24
178 26 25
140 15 19
141 16 20
142 18 20
144 18 19
147 19 18
152 19 20
156 20 20
161 21 20
165 23 21
167 23 22
171 21 20
174 22 21
178 24 24
141 17 19
140 17 19
142 18 18
143 17 18
148 18 18
153 19 18
158 20 18
162 23 20
165 23 21
173 23 22
174 24 23
179 27 26
141 17 17
145 17 16
150 18 16
155 20 17
160 22 20
163 24 21
173 25 23
175 27 25
178 28 27
141 15 16
147 17 17
153 19 18
157 22 19
161 23 21
168 23 20
169 24 21
173 25 23
178 26 23
140 16 16
146 18 17
151 19 17
155 21 20
157 22 19
167 24 20
169 24 21
172 24 22
175 26 22
179 27 24
141 17 19
146 18 19
149 19 19
154 20 19
156 20 20
166 24 20
167 24 20
169 24 21
172 24 20
178 26 23
141 18 20
145 19 20
150 20 20
153 21 19
155 21 20
161 19 15
161 19 15
162 19 15
167 19 15
171 22 18
178 25 20
143 15 14
152 18 19
157 18 21
156 17 20
157 18 21
157 21 23
158 22 24
157 21 23
161 23 23
167 27 26
171 27 26
176 24 23
180 22 21
145 32 28
141 17 17
149 19 21
155 20 24
157 21 25
154 18 22
152 17 21
154 21 24
148 14 15
149 15 16
155 19 19
165 25 24
171 27 26
174 24 23
178 23 21
174 21 15
147 25 22
143 17 18
145 15 17
147 14 17
154 21 24
152 22 24
147 19 20
147 23 23
148 18 18
150 17 18
155 19 19
164 24 23
169 25 24
171 21 20
173 21 18
176 22 20
174 25 21
175 32 26
143 35 32
146 22 20
142 18 18
148 20 21
149 23 24
142 20 19
141 21 20
151 27 25
151 23 22
155 21 20
161 21 20
165 21 20
168 20 18
170 22 18
174 25 21
171 26 23
175 27 25
180 28 25
159 43 30
153 16 6
141 26 21
145 27 23
143 21 18
143 19 17
149 24 22
146 22 20
141 23 19
143 19 17
150 18 16
160 20 19
165 21 20
167 22 19
169 26 20
173 30 24
177 34 26
161 43 33
156 35 26
147 24 16
141 20 11
147 17 15
160 20 19
167 23 22
167 24 20
166 27 20
168 31 23
170 32 19
145 39 25
156 34 19
151 28 13
145 22 7
148 18 16
160 20 19
168 24 23
171 28 24
171 34 26
174 41 32
166 43 27
167 44 28
163 37 22
150 24 9
145 17 14
158 18 17
168 24 23
177 35 31
161 32 27
162 25 15
166 34 19
163 31 18
155 21 10
148 20 21
140 18 17
140 20 19
147 22 20
164 29 26
174 37 27
142 40 36
152 38 28
156 41 23
