143 11 22
159 4 10
163 4 9
137 6 11
159 7 6
162 13 17
138 2 2
166 4 2
159 3 4
154 6 4
175 7 7
177 2 9
175 14 22
142 2 13
155 7 5
170 8 5
139 12 23
170 6 4
152 11 19
143 7 7
138 12 16
140 7 10
151 6 9
165 6 10
141 7 8
157 7 8
151 6 9
157 8 10
163 9 11
167 4 7
177 6 12
141 7 8
151 3 3
168 2 4
167 3 2
173 9 8
174 8 8
170 1 4
175 4 10
147 9 7
158 5 7
169 3 5
177 5 5
177 7 7
177 7 7
173 3 4
174 4 7
140 5 2
158 8 9
161 3 4
171 5 7
173 7 9
176 7 10
176 6 7
143 5 3
155 2 4
158 2 5
165 2 5
171 8 11
173 8 12
174 5 8
155 1 1
171 5 7
167 1 3
172 6 10
172 6 10
172 3 6
170 4 4
176 2 4
175 2 4
171 1 4
173 3 6
168 9 5
162 2 2
165 2 3
172 6 6
177 7 7
141 6 3
162 6 7
155 1 1
160 5 3
166 6 6
170 4 4
175 3 3
145 6 3
148 2 2
155 7 5
159 5 5
162 2 4
169 3 5
143 4 9
143 3 2
148 6 5
149 3 4
154 1 4
162 6 10
174 11 16
167 11 15
138 2 4
142 2 5
146 3 5
154 8 11
160 9 14
164 11 16
169 14 18
177 13 12
167 9 24
173 14 19
140 5 9
144 5 8
146 3 5
152 6 9
159 10 12
167 6 11
174 3 9
162 1 7
176 21 27
156 1 9
166 10 23
163 13 14
141 1 2
149 3 4
154 4 5
158 2 5
170 5 9
176 8 8
137 12 8
168 3 7
146 4 3
155 5 6
157 1 4
155 5 4
160 6 6
162 4 3
168 9 5
171 9 4
177 8 3
137 2 8
138 5 8
148 3 6
152 1 6
159 3 7
169 6 11
174 8 10
176 6 7
145 1 1
141 3 3
146 1 4
156 3 6
161 5 8
166 6 6
171 5 5
168 2 2
169 7 18
139 3 3
148 4 4
154 4 5
157 3 3
163 3 3
173 5 5
170 14 18
143 5 5
147 3 3
151 3 3
158 4 2
166 3 4
170 2 2
166 2 1
139 1 1
144 2 1
152 4 4
160 4 5
167 1 1
177 7 10
176 7 4
165 12 7
165 6 10
143 3 4
153 4 6
157 3 5
161 7 5
171 3 3
176 3 5
171 13 10
167 17 16
159 2 11
139 3 5
147 2 5
150 5 2
155 3 2
161 3 4
167 4 5
164 1 2
167 3 2
174 4 5
177 15 13
157 9 5
146 6 5
153 5 3
155 1 1
157 3 3
163 8 6
162 2 2
169 5 4
164 5 2
170 11 8
173 3 6
176 6 9
170 6 5
168 4 2
159 7 2
165 5 5
176 7 10
172 6 10
155 13 12
138 4 5
147 4 6
150 4 5
153 3 4
156 2 4
161 3 4
161 3 4
160 4 5
161 7 7
162 6 7
161 3 2
158 3 1
160 6 4
155 6 2
156 5 12
158 2 15
159 8 1
164 8 9
137 1 5
141 2 5
145 2 4
148 4 4
153 4 6
149 7 6
143 3 2
142 4 2
143 8 5
148 8 7
152 6 7
158 3 7
149 7 3
145 2 6
162 13 9
164 15 8
137 4 7
138 3 7
142 3 6
142 6 8
142 10 8
138 9 3
167 2 8
139 4 10
144 12 8
155 5 7
138 4 5
147 12 16
