143 25 25
148 30 28
147 11 15
144 31 23
145 33 22
144 17 11
148 16 11
150 17 12
166 13 16
161 17 17
165 25 24
159 17 16
176 30 31
152 14 12
145 24 15
146 23 15
149 22 15
153 22 14
159 22 16
165 24 17
169 24 19
173 25 21
169 41 32
175 30 27
142 19 11
168 39 33
169 38 30
170 37 30
173 36 30
176 35 28
179 34 29
171 24 30
145 23 18
148 19 14
158 20 18
169 25 24
179 37 33
180 37 33
181 36 33
145 10 17
142 16 19
151 25 26
158 30 29
162 28 27
168 26 25
171 22 24
179 31 31
179 31 29
180 30 29
181 31 30
180 33 13
172 36 38
153 17 27
142 23 19
150 26 24
156 28 27
160 27 28
162 26 28
165 26 29
166 26 29
175 29 29
181 35 35
181 32 28
148 15 20
142 23 17
146 24 19
150 27 22
155 27 24
159 27 25
162 26 26
167 29 29
169 29 30
178 32 32
178 40 30
141 24 17
147 19 20
150 22 19
149 25 15
149 26 21
151 26 22
154 26 23
155 25 23
159 25 24
163 27 27
170 30 31
173 33 34
153 20 15
152 14 14
153 26 19
162 30 18
155 25 23
156 26 24
158 26 24
159 25 24
161 25 25
166 28 28
171 31 32
176 33 35
181 35 36
147 19 18
151 29 18
155 16 13
164 20 20
154 21 12
166 28 15
159 25 22
160 26 23
162 27 24
164 26 24
165 27 25
168 28 27
173 31 30
176 34 33
178 32 33
146 19 12
155 20 16
166 17 19
163 20 14
163 25 12
162 22 21
164 24 23
165 25 24
166 26 25
167 27 26
170 28 27
172 30 29
174 32 31
179 33 36
176 30 31
148 19 14
162 34 31
166 20 23
177 21 22
160 27 12
165 23 21
166 24 22
167 25 23
167 25 23
168 26 24
169 27 25
172 30 28
174 32 30
177 31 34
175 29 32
151 19 17
146 27 21
170 23 29
181 18 23
160 28 15
166 22 21
167 23 22
167 23 22
167 23 22
167 23 22
169 25 24
173 29 28
174 32 30
176 30 33
175 29 32
145 19 22
162 19 15
172 22 21
174 21 24
167 25 23
171 27 19
172 23 25
174 25 27
171 22 24
166 20 21
169 23 24
169 25 25
171 27 27
178 34 34
172 30 29
177 33 33
179 35 35
178 34 34
146 22 24
161 19 15
170 22 20
173 23 25
169 27 25
172 27 22
169 20 22
173 24 26
170 24 25
168 22 23
171 25 26
168 24 24
167 23 23
171 27 27
170 28 27
176 32 32
181 37 37
181 37 37
147 24 26
157 20 14
165 21 20
170 24 25
169 30 27
172 27 22
170 21 23
172 26 27
171 25 26
170 24 25
172 28 28
171 27 27
169 27 26
173 31 30
168 26 25
175 31 31
146 27 29
151 19 14
158 20 17
169 24 27
170 30 29
172 27 22
172 26 27
175 29 30
171 25 26
167 23 23
169 25 25
167 25 24
168 26 25
173 31 30
169 27 26
173 29 29
180 36 36
141 27 27
144 20 12
151 19 15
163 23 24
167 29 27
171 26 23
173 27 28
176 30 31
170 26 26
166 22 22
165 23 22
163 21 20
161 21 20
165 25 24
172 30 29
172 28 28
175 31 31
146 19 13
156 20 22
160 24 24
168 23 20
166 22 22
172 28 28
172 28 28
171 29 28
174 32 31
170 30 29
168 28 27
171 31 30
174 32 31
171 27 27
172 28 28
177 33 33
141 18 11
150 17 18
154 20 19
164 18 18
162 18 18
168 24 24
169 27 26
171 29 28
174 34 33
174 34 33
173 33 32
177 37 36
172 30 29
172 28 28
172 28 28
174 30 30
181 35 36
145 15 15
151 17 16
162 16 16
163 19 19
167 23 23
164 22 21
162 20 19
163 23 22
163 23 22
163 23 22
167 29 27
170 28 27
173 29 29
173 29 29
172 28 28
177 31 32
145 15 15
142 8 5
156 21 17
157 19 16
155 19 19
156 20 20
159 21 21
162 22 21
165 23 22
166 22 21
165 21 20
166 20 20
162 24 21
166 28 25
171 32 29
175 33 31
176 33 29
179 34 31
146 18 15
146 16 14
148 14 13
153 19 18
155 19 19
156 20 20
160 22 20
162 22 21
164 22 21
164 20 19
164 20 19
160 22 20
164 26 23
169 30 27
172 30 28
174 31 27
176 33 29
181 36 31
143 14 18
150 17 18
152 18 19
154 20 19
156 20 20
159 21 19
160 20 19
162 20 19
161 19 17
156 21 18
161 23 21
164 26 24
167 28 25
170 28 26
173 30 26
177 32 29
180 35 32
180 35 30
143 19 27
146 16 16
147 17 17
151 18 19
153 19 18
155 19 19
157 19 17
157 19 17
157 17 16
155 20 17
157 22 19
162 24 22
165 26 23
168 26 24
170 26 25
173 30 26
176 31 28
180 35 30
141 15 16
144 16 17
146 18 17
149 19 19
152 20 18
153 19 18
153 18 15
153 18 15
154 20 19
157 21 21
159 24 21
162 24 22
165 25 24
168 26 24
171 27 26
173 29 28
177 32 27
143 17 18
147 19 18
148 18 18
150 18 16
150 18 16
150 16 15
154 20 19
155 21 20
157 21 21
161 23 21
163 23 22
167 25 23
168 26 24
170 26 25
171 26 21
178 29 25
141 17 17
144 18 19
147 19 18
148 18 18
147 17 15
149 17 15
153 19 20
153 19 20
155 19 19
157 21 21
160 22 20
163 23 22
165 23 22
166 24 22
169 24 19
174 25 21
181 27 25
143 19 19
144 19 17
146 18 17
147 17 15
147 17 15
151 18 19
152 18 19
153 19 18
155 19 19
159 21 19
161 21 20
164 22 21
164 22 21
170 25 20
173 24 20
177 23 21
142 18 16
146 21 17
148 20 19
147 19 18
147 17 17
151 19 17
156 22 21
160 25 22
161 26 23
163 25 23
169 23 23
173 25 25
176 26 25
180 26 24
141 17 15
142 17 15
145 17 16
147 19 18
146 18 17
146 16 16
147 17 15
152 20 18
156 22 19
159 24 21
159 24 21
166 20 20
170 24 24
176 26 25
179 25 23
180 25 21
142 20 19
145 17 16
150 22 21
144 14 14
144 18 19
143 18 16
144 16 15
146 16 16
150 18 16
153 19 18
154 20 17
156 21 18
162 18 17
166 22 21
173 25 23
175 25 24
177 23 21
146 20 23
141 13 14
141 11 13
149 19 21
147 17 17
143 19 19
142 18 18
142 16 17
144 16 15
146 16 16
150 18 16
151 19 17
153 19 18
159 19 18
162 20 19
166 22 21
173 25 23
177 25 22
180 25 21
144 13 18
145 15 17
143 13 15
145 17 18
142 19 21
142 20 19
142 18 18
143 17 18
145 17 16
147 17 17
149 19 17
152 20 18
159 21 19
158 18 17
162 20 18
170 25 22
177 27 26
179 27 24
141 12 16
150 21 25
141 18 20
142 18 18
142 16 17
145 17 16
149 19 19
151 21 21
156 22 21
154 19 16
158 18 17
167 25 23
173 28 25
175 26 22
178 26 21
180 25 31
142 22 24
141 15 18
142 17 15
147 19 18
149 21 20
153 21 19
152 18 17
158 20 18
165 26 23
168 25 21
170 22 18
176 27 23
141 22 24
141 15 16
144 19 17
149 21 20
151 19 17
152 18 17
157 22 19
164 25 22
165 22 18
164 19 16
177 28 24
142 19 24
143 19 17
143 20 13
144 26 14
159 19 20
160 22 22
160 25 22
160 25 22
162 23 20
167 23 22
175 25 24
181 5 18
162 16 16
145 23 20
146 18 19
149 17 15
151 17 14
148 13 10
155 20 16
156 16 17
157 19 19
157 22 19
158 23 20
161 22 19
166 22 21
173 23 22
179 25 25
179 28 17
151 22 26
151 26 22
141 20 12
141 20 12
143 18 14
148 18 16
152 18 17
152 12 13
157 14 16
156 18 18
155 19 19
156 21 18
157 22 19
160 22 19
167 23 22
173 23 22
177 25 24
167 27 10
146 12 13
155 23 18
149 21 10
153 26 17
147 23 13
142 19 12
148 23 19
151 21 21
158 25 26
162 24 24
159 23 23
156 22 19
156 22 19
161 23 20
167 25 23
174 26 24
178 26 25
152 16 20
160 17 13
158 16 12
151 13 10
149 15 12
146 16 14
146 18 17
151 27 25
157 33 33
164 28 28
161 25 25
156 22 19
154 20 17
156 21 17
164 22 20
172 24 22
178 26 25
162 29 30
149 13 15
150 10 13
166 23 27
161 21 24
150 14 16
151 21 21
149 24 22
162 26 26
158 24 23
154 22 18
151 19 15
153 18 14
159 20 17
167 22 19
174 24 23
174 24 9
145 10 14
143 9 10
144 14 14
146 21 17
156 22 21
156 22 21
154 22 18
153 21 17
154 19 15
159 20 17
168 23 20
175 25 24
167 20 2
162 26 10
154 20 19
156 22 21
157 25 21
157 25 21
157 24 19
162 23 20
171 26 23
178 28 27
152 40 29
149 14 18
155 10 13
162 18 17
157 19 16
156 18 16
163 17 20
171 30 23
178 26 15
149 30 26
147 29 19
152 34 22
159 38 27
169 39 25
