196 43 63
193 46 64
180 53 64
199 36 57
194 35 55
193 43 54
198 46 58
199 49 61
193 52 61
184 58 62
178 64 64
172 67 64
198 33 47
195 41 49
191 51 54
186 52 53
192 67 63
199 34 48
190 34 38
191 46 43
181 56 54
196 43 45
190 55 61
189 35 33
196 52 61
184 59 55
194 48 61
196 42 42
188 51 45
192 65 58
197 40 49
193 38 36
192 44 42
189 61 62
199 33 35
198 35 36
197 37 39
175 61 50
180 59 50
190 57 50
197 38 35
181 73 60
194 51 45
198 33 31
196 50 63
180 59 48
195 42 37
196 44 56
185 56 51
179 51 40
181 60 51
179 72 56
181 48 39
199 43 54
197 59 49
175 65 50
173 39 28
194 37 44
189 34 42
195 47 37
179 65 41
195 34 39
195 48 41
180 66 42
180 69 42
180 70 43
172 60 38
178 70 41
185 61 35
173 68 38
189 58 30
168 65 34
179 70 39
197 34 25
194 51 47
185 40 35
184 37 30
191 49 39
183 41 29
172 50 35
199 48 37
199 53 40
193 53 36
186 49 31
193 53 36
184 53 33
179 52 35
176 63 45
179 47 26
188 56 43
170 73 57
189 54 25
197 34 25
196 40 25
198 41 26
193 49 25
190 52 26
195 53 29
170 68 54
189 58 50
175 43 38
178 67 40
192 60 47
188 45 29
183 47 47
