185 43 31
185 44 34
168 43 39
172 31 22
184 35 28
183 42 25
185 41 30
168 29 34
187 31 32
185 28 19
178 32 35
171 37 28
186 34 33
162 26 28
176 38 35
185 30 26
166 16 25
176 19 28
185 24 32
175 21 23
180 31 27
183 39 31
186 42 34
165 31 22
167 28 21
171 26 21
178 26 23
184 29 27
148 25 28
163 28 22
166 27 22
170 25 22
178 26 25
184 28 29
156 21 25
160 25 19
164 25 20
170 25 22
179 27 26
185 29 30
150 11 16
164 21 23
166 28 28
159 24 18
165 26 21
172 27 24
181 29 28
187 31 32
148 19 14
152 18 15
152 18 15
160 25 21
166 27 24
174 28 28
183 30 32
162 32 32
160 25 21
167 28 25
176 30 30
184 31 33
150 28 27
150 19 24
159 24 21
166 26 25
175 29 30
183 30 33
152 26 30
157 23 30
159 24 21
165 25 24
174 28 29
182 29 32
186 30 34
149 19 17
158 20 18
165 22 16
166 23 17
169 26 22
174 31 27
183 35 35
153 19 16
163 22 15
165 23 19
169 27 23
176 31 28
185 35 36
156 21 15
161 24 18
169 27 23
176 30 30
185 35 36
152 20 15
156 23 18
168 26 24
178 30 30
186 34 33
152 23 18
165 25 24
178 28 29
186 30 31
149 21 18
163 25 23
176 26 27
185 27 28
161 23 23
175 22 24
183 23 25
187 27 27
160 22 22
174 21 23
181 21 23
186 27 24
164 19 24
172 19 24
178 25 28
183 31 30
160 20 23
169 18 23
174 25 27
178 30 28
185 31 29
156 20 22
163 18 21
168 24 24
172 29 25
180 31 27
150 20 20
158 18 19
162 22 21
166 27 22
174 31 25
187 35 32
185 30 28
148 18 18
155 17 17
160 22 20
164 27 21
170 29 22
182 33 29
187 32 30
180 37 33
147 17 17
155 15 16
160 22 20
163 26 20
170 27 21
178 29 25
186 30 31
175 35 34
148 15 16
157 14 16
161 21 20
165 26 21
169 24 19
177 25 22
180 26 26
187 29 28
168 34 35
149 15 16
156 13 15
164 22 21
167 25 21
171 23 19
176 22 20
180 26 28
187 29 28
161 28 33
151 19 17
158 20 18
165 23 22
168 24 23
184 21 24
186 23 26
150 18 16
157 19 19
165 21 21
168 22 23
181 21 23
184 24 26
187 27 27
187 28 22
150 16 17
157 17 18
164 20 20
167 21 22
177 21 24
180 24 25
185 27 28
163 24 27
149 16 17
156 18 18
164 19 22
167 21 22
174 21 23
176 23 25
181 27 27
184 29 27
153 19 20
160 20 21
165 22 24
168 22 23
172 24 24
176 26 27
181 29 28
185 30 28
168 27 20
147 19 18
154 20 21
158 22 22
164 22 21
166 24 23
171 25 25
177 27 26
182 28 26
187 29 26
167 39 38
151 21 21
160 22 20
163 23 22
168 26 24
175 27 25
179 27 24
183 28 26
158 22 22
162 24 22
168 26 24
172 26 26
178 26 25
183 28 26
158 19 22
160 20 21
163 21 20
168 22 22
173 25 21
180 28 23
185 32 24
187 33 25
153 19 20
155 19 19
159 21 19
165 23 21
172 24 22
178 26 21
182 29 23
184 29 24
147 19 16
153 21 19
160 22 20
167 24 20
174 25 21
179 24 22
182 24 21
184 29 25
184 29 25
186 29 24
154 20 17
162 22 21
170 22 22
174 22 21
177 21 22
175 26 22
179 27 24
181 28 23
183 28 24
186 27 23
186 23 18
155 14 20
155 21 22
147 17 15
155 19 19
163 21 20
167 21 22
170 21 23
168 23 20
172 24 20
175 26 22
177 25 22
178 25 20
182 24 21
186 27 23
176 27 20
161 30 35
147 21 22
147 17 17
153 19 20
157 21 23
161 22 25
164 22 20
166 24 20
169 26 22
172 24 22
173 24 20
177 23 21
181 26 22
184 29 25
184 31 25
184 28 29
179 27 26
166 44 43
157 25 23
147 21 22
150 24 27
162 24 21
164 25 22
167 25 23
169 26 22
170 25 22
175 26 22
179 27 24
180 28 25
180 30 29
186 32 32
187 27 29
184 25 29
177 43 40
147 30 21
156 42 41
175 33 32
149 24 20
162 27 24
164 26 23
165 26 23
168 26 24
171 26 23
175 27 25
177 28 24
178 29 25
176 28 28
186 33 36
184 29 33
176 26 28
174 38 38
152 44 34
153 29 17
163 33 19
167 34 17
171 35 19
173 37 23
167 35 22
163 31 19
170 29 19
175 27 23
169 24 27
159 39 41
153 41 40
156 41 38
159 41 39
159 41 41
153 39 39
149 34 37
