169 3 25
171 13 14
175 7 6
165 15 24
170 5 11
160 6 4
166 6 8
165 7 8
167 4 7
164 19 24
154 5 9
148 4 4
148 6 4
155 6 8
166 7 11
169 6 9
165 5 5
148 8 11
142 3 6
139 3 5
147 3 2
145 6 3
146 4 3
155 2 5
155 2 4
164 6 3
172 7 3
174 6 3
175 8 15
174 5 2
175 8 2
154 14 17
135 8 2
141 2 5
145 3 1
151 5 5
157 3 5
166 3 8
175 2 4
175 7 7
174 6 5
169 3 3
168 2 2
170 4 4
173 5 5
172 3 8
169 5 4
138 2 2
142 4 2
148 6 5
152 2 3
158 2 6
164 1 2
169 3 3
174 5 2
175 5 8
175 5 8
173 5 5
169 3 3
169 3 3
171 3 3
171 2 5
172 8 7
138 4 3
147 1 4
151 3 3
155 3 2
163 3 3
171 5 5
175 5 5
174 4 4
169 4 2
168 4 3
173 5 5
170 4 6
169 5 6
167 4 7
166 3 6
168 4 5
173 4 7
174 6 6
173 5 5
170 4 4
168 2 2
168 2 2
169 3 3
171 2 5
170 1 4
166 2 1
175 2 6
173 5 5
173 10 13
136 3 6
138 4 3
143 3 2
151 3 3
159 3 4
166 3 4
167 4 5
164 4 4
162 4 3
154 4 3
151 3 1
149 3 3
150 4 4
151 5 5
155 5 6
159 5 5
162 6 7
165 2 3
166 3 4
165 2 3
165 2 3
166 2 3
168 2 4
169 3 5
170 1 4
165 3 1
175 5 8
172 4 4
162 4 1
145 3 1
141 1 2
159 3 4
158 4 4
154 2 1
143 5 2
141 3 1
140 4 4
144 6 6
145 5 4
149 5 5
152 4 4
158 3 1
160 5 3
163 5 4
163 3 3
164 1 2
166 2 3
167 3 4
167 3 4
163 4 1
167 2 6
172 4 3
162 8 6
149 3 3
149 3 4
148 4 4
146 2 2
143 5 5
139 3 3
138 2 4
139 5 6
141 5 7
142 3 6
145 2 4
146 1 4
157 5 4
159 7 6
162 6 7
162 4 5
162 2 4
162 2 4
163 3 3
163 3 3
161 3 4
169 5 4
145 4 10
137 3 2
139 3 3
138 4 3
135 3 1
137 3 4
135 2 3
137 1 3
142 3 6
154 4 5
157 4 6
158 4 6
159 3 4
161 3 4
161 3 4
159 3 4
158 3 1
165 4 10
152 3 5
160 2 3
152 7 12
135 7 8
151 2 4
152 2 3
155 1 3
158 2 3
159 3 4
157 3 3
155 1 1
151 1 3
143 5 2
151 3 3
152 1 6
142 7 3
154 4 6
146 4 2
144 4 5
142 2 5
140 1 4
147 2 5
151 1 3
155 5 7
151 1 2
136 6 14
145 7 7
150 7 9
143 3 2
