173 22 11
172 20 6
178 9 6
173 5 4
167 8 5
143 10 11
173 18 22
172 8 6
172 10 8
170 2 1
177 5 1
180 17 8
156 8 6
160 9 16
163 5 4
166 4 1
170 5 3
177 5 3
178 13 7
172 1 9
149 5 4
156 8 6
158 2 3
159 4 2
160 5 3
164 6 3
169 5 3
175 6 3
180 4 4
175 23 10
164 18 5
175 11 10
156 1 9
142 8 5
148 2 3
151 3 3
154 4 3
159 4 2
166 4 2
172 4 4
176 3 5
174 4 4
180 4 4
179 10 5
172 13 7
168 13 8
164 13 6
164 13 6
160 12 2
157 13 5
159 17 13
164 17 10
159 12 4
162 6 7
141 3 1
146 2 1
165 2 3
167 3 4
166 4 1
170 2 1
172 2 2
173 4 1
174 5 2
178 5 1
178 6 6
172 7 5
168 6 3
165 7 4
162 7 2
159 7 6
154 8 8
158 6 5
156 12 4
141 6 3
143 3 4
150 4 5
155 5 4
149 4 1
153 5 3
157 3 1
165 5 5
170 2 2
176 3 5
178 6 6
172 2 2
177 3 2
177 3 2
173 5 2
170 2 2
170 2 2
162 7 3
158 2 6
158 3 11
158 5 8
150 5 2
151 2 4
149 1 1
151 1 2
156 2 2
161 3 2
169 10 7
168 3 1
170 2 1
178 2 2
177 1 1
179 1 1
177 1 1
177 5 5
168 2 2
163 3 3
163 5 6
155 1 1
153 5 3
152 8 7
140 1 4
144 4 5
144 2 1
149 3 3
155 5 4
158 3 1
163 4 1
166 4 1
167 3 1
168 3 1
167 3 2
167 3 2
168 3 7
171 5 7
168 4 5
158 2 3
153 5 5
145 3 2
149 5 5
146 12 1
145 3 2
153 3 4
149 3 3
152 4 4
154 4 3
157 5 2
158 4 2
158 4 2
157 3 3
157 3 3
153 3 4
155 5 4
156 6 5
151 6 3
146 4 2
144 6 4
140 2 2
142 2 3
145 3 2
147 3 2
147 3 2
147 3 2
146 2 2
146 2 2
146 2 2
145 7 4
140 2 2
