148 39 18
153 38 19
159 36 20
165 35 21
131 36 14
140 34 8
146 35 7
156 23 14
154 20 11
155 18 10
160 19 12
147 30 21
146 17 11
157 22 18
153 15 12
162 23 20
161 22 19
163 21 19
129 21 9
147 22 18
158 22 26
148 9 16
150 15 22
156 25 33
161 21 20
162 22 21
163 23 22
164 24 23
136 12 22
143 16 27
154 22 33
145 11 18
147 14 19
151 21 23
144 19 17
139 17 12
162 20 19
141 6 23
138 7 21
137 11 22
139 16 21
146 23 25
149 25 23
147 20 14
149 20 14
159 20 17
162 23 20
142 17 15
136 17 13
130 19 12
133 26 20
134 22 18
137 13 15
151 14 21
159 13 23
154 26 17
160 29 21
162 29 22
162 25 19
138 14 4
131 15 16
134 15 17
134 15 17
135 15 16
137 14 16
139 15 15
142 16 17
145 19 20
153 21 16
156 23 18
160 25 21
129 22 14
141 18 10
131 15 16
132 16 17
134 15 17
135 15 16
137 14 16
139 15 15
142 16 17
145 19 20
149 20 14
154 22 17
159 24 20
163 25 22
131 19 17
125 15 16
130 18 16
136 17 11
131 15 16
131 15 16
134 15 17
135 15 16
137 14 16
139 15 15
142 18 18
145 19 20
148 19 14
152 20 16
157 23 20
162 24 22
131 13 11
134 18 21
128 14 14
134 19 16
129 15 15
131 15 16
131 15 16
133 15 15
134 14 15
138 16 15
142 18 18
144 20 20
147 20 14
151 22 17
156 24 20
161 26 23
126 8 4
140 21 25
130 14 17
132 18 18
128 14 14
129 15 15
131 15 16
133 15 15
134 14 15
138 16 15
141 19 18
144 20 20
147 22 18
151 23 20
155 25 23
161 27 26
127 26 8
133 20 14
134 17 23
128 11 17
125 13 12
126 14 13
128 14 14
129 15 15
131 15 15
133 15 15
136 16 15
141 19 18
143 21 20
147 24 19
150 25 21
155 27 24
161 29 27
165 29 29
133 22 11
126 14 2
125 20 14
126 9 15
126 14 13
127 15 14
129 15 15
130 14 14
133 15 15
136 16 15
141 19 18
144 22 21
146 24 19
149 26 21
153 28 24
159 29 27
164 30 29
130 15 10
128 12 15
126 14 13
127 15 14
129 15 15
130 14 14
133 15 15
136 16 15
139 19 18
144 22 21
145 23 20
149 25 23
153 28 26
158 28 28
164 30 31
125 11 10
127 17 18
131 19 18
134 20 20
136 20 21
137 21 21
143 24 26
145 25 27
150 26 28
155 27 28
162 27 31
125 17 17
125 13 11
125 15 16
129 17 16
132 18 18
134 20 20
136 20 20
141 22 24
143 23 25
148 24 26
154 26 27
159 26 29
129 17 16
133 19 19
134 20 19
136 20 21
139 20 22
144 21 23
149 23 24
157 24 27
161 25 27
125 15 14
130 18 17
132 20 18
132 18 18
134 18 19
139 19 20
145 21 21
152 22 24
157 23 24
162 24 24
164 24 25
125 15 14
127 18 15
128 16 15
130 16 16
135 17 17
141 19 18
147 19 20
153 20 21
157 21 21
160 22 22
164 25 20
126 14 13
127 15 14
131 15 15
136 16 15
143 17 18
149 19 19
154 20 19
156 20 20
161 24 18
125 13 12
128 14 13
135 15 14
140 16 16
146 18 17
151 19 17
153 19 18
157 22 16
162 23 18
127 13 12
133 15 13
140 16 16
145 17 16
150 18 16
152 18 17
155 21 12
160 21 14
125 13 12
129 15 15
134 16 16
139 16 18
142 16 17
146 18 19
149 19 21
153 20 15
157 22 18
161 23 20
165 23 21
125 13 12
129 15 15
134 16 16
138 15 17
140 16 16
145 17 18
148 18 20
152 18 15
156 21 17
161 23 20
165 23 21
129 15 15
131 15 15
135 15 16
138 14 14
141 15 16
144 16 17
152 18 15
155 21 18
161 23 21
165 23 21
127 15 14
130 14 14
134 14 15
137 13 13
139 13 14
142 14 15
150 18 14
154 20 17
159 24 21
163 24 21
127 15 14
129 15 14
132 14 14
135 13 12
137 13 13
139 13 14
149 17 15
153 19 18
158 23 20
163 23 22
125 15 14
129 15 14
132 14 14
135 13 12
137 13 13
139 13 14
146 16 14
152 20 18
157 23 22
162 24 22
165 23 22
125 15 14
129 15 14
132 14 14
134 14 13
138 14 14
139 15 15
145 15 15
151 18 19
157 23 22
162 24 24
165 23 22
125 15 14
128 16 14
130 14 14
134 14 13
139 15 15
140 16 16
145 15 15
151 18 19
157 23 22
162 24 24
165 23 22
126 14 13
129 15 15
131 17 17
134 18 19
142 17 15
146 18 17
150 20 18
156 22 21
160 22 20
162 23 20
127 15 14
129 15 15
132 16 17
134 18 19
142 16 17
144 19 17
150 20 20
155 21 20
157 22 19
162 23 20
127 15 13
127 15 13
127 15 13
126 16 15
126 16 15
127 15 14
127 15 14
128 14 14
129 15 15
132 16 17
133 17 18
140 16 16
143 17 18
148 20 19
153 21 19
156 21 18
161 22 19
125 15 14
129 15 14
129 15 14
130 14 14
131 17 16
130 16 15
131 15 15
130 14 14
130 14 14
131 15 15
132 16 16
133 17 17
140 16 16
143 17 18
147 19 18
152 20 18
155 19 19
160 20 19
165 23 21
128 16 15
131 15 15
133 15 15
134 14 15
136 16 17
136 16 17
136 16 17
134 16 16
134 16 16
134 16 16
134 16 16
134 16 16
138 15 17
141 17 19
144 18 19
148 18 18
152 18 17
158 20 18
162 23 20
127 12 27
125 15 14
130 16 16
134 16 16
136 16 17
138 15 17
142 18 18
141 17 17
141 17 17
139 17 16
137 17 16
136 16 15
135 17 15
135 17 15
138 15 17
140 16 18
142 16 17
146 16 16
151 17 16
156 18 18
161 21 20
125 15 14
130 16 16
136 16 17
138 15 17
140 16 18
146 18 19
146 18 19
144 18 19
142 18 18
141 19 18
138 18 17
137 17 16
135 17 15
137 14 17
138 15 17
141 15 18
145 15 17
149 16 17
153 17 17
160 20 19
163 23 22
125 15 14
132 16 17
136 16 17
140 16 18
141 15 18
149 19 21
148 18 20
147 19 20
145 19 20
143 19 19
140 18 17
137 17 16
136 18 16
135 15 17
138 15 18
141 15 18
144 16 17
148 15 16
153 17 17
159 21 19
163 23 22
131 15 18
139 14 18
142 13 18
148 17 22
149 21 22
148 20 21
145 19 20
144 20 20
144 22 21
141 21 20
138 20 18
136 18 16
134 16 14
136 16 15
140 18 15
141 17 15
145 17 16
150 18 16
155 21 20
159 25 24
158 17 25
162 19 25
126 12 11
130 7 9
134 10 12
137 14 17
149 19 21
147 19 20
146 18 19
145 19 20
144 20 20
143 21 20
139 19 18
137 17 16
138 16 15
138 16 15
140 16 16
141 16 14
145 15 15
150 18 16
154 20 19
157 21 21
165 26 21
127 16 9
145 27 27
136 11 15
148 18 20
148 18 20
146 18 19
146 18 19
145 19 20
144 18 19
142 18 18
140 16 16
141 17 19
141 15 16
142 14 15
144 14 16
148 15 16
151 17 18
153 17 17
154 18 18
154 22 7
159 23 9
165 24 14
138 28 29
130 11 7
127 15 4
135 17 17
143 12 20
147 18 22
146 17 21
146 17 21
146 17 21
147 18 22
147 18 22
143 17 20
141 15 18
146 17 21
145 16 20
144 14 16
145 15 17
149 16 19
151 17 18
151 17 18
151 17 18
157 30 21
152 21 13
159 22 16
162 20 16
165 32 13
142 38 35
137 12 10
135 11 13
133 12 17
143 19 21
142 18 20
143 17 20
144 18 21
145 19 22
145 19 22
143 17 20
142 16 19
147 18 22
145 16 20
144 15 19
145 17 18
147 17 19
148 18 20
148 18 18
147 17 17
154 18 28
148 8 17
158 15 21
164 15 17
164 21 5
128 20 20
144 10 17
140 17 20
136 17 19
136 17 19
136 16 18
137 17 19
140 17 20
142 17 21
140 15 19
139 14 18
143 17 21
143 17 21
142 16 19
143 17 20
142 18 18
143 19 19
142 18 18
142 18 16
152 10 26
154 12 26
161 17 27
154 11 17
164 26 24
157 24 17
129 17 16
128 16 15
129 15 15
131 15 16
134 15 17
135 15 17
134 14 16
134 11 14
137 14 17
138 15 18
139 16 19
137 17 18
137 17 18
135 17 15
136 18 16
136 18 16
138 16 13
147 28 24
140 27 23
133 28 24
156 15 24
126 14 13
128 14 14
129 13 14
130 11 13
130 10 12
132 12 14
134 14 16
134 15 17
134 16 16
131 15 15
130 16 15
130 17 13
132 19 15
131 40 11
128 18 21
127 27 12
