177 5 5
184 2 14
173 10 13
159 8 1
151 7 17
169 4 2
184 2 1
168 4 5
166 6 8
183 5 5
179 4 1
181 3 1
178 6 2
154 2 1
179 6 10
175 2 4
175 3 3
177 1 3
181 3 3
184 3 10
147 3 2
156 4 3
159 1 2
178 10 7
170 2 2
171 1 1
174 2 2
178 2 2
183 3 4
184 1 3
181 3 3
179 3 5
179 3 5
181 2 5
183 3 4
180 4 4
175 1 2
180 1 4
181 3 1
170 2 1
176 4 2
179 3 3
182 2 1
183 3 4
178 2 2
178 2 2
181 3 3
183 3 4
178 2 4
176 2 3
174 1 3
171 1 4
170 1 4
171 2 5
173 3 4
173 3 4
170 6 4
170 6 4
175 3 1
181 16 14
170 2 1
175 3 3
178 2 2
180 2 2
182 2 1
183 3 4
177 3 2
172 2 2
174 2 2
176 2 3
180 1 4
174 4 4
171 3 2
168 2 2
166 2 3
165 2 3
162 4 3
162 4 3
161 6 4
170 12 13
161 3 2
182 19 14
164 5 2
144 6 3
154 2 1
162 1 6
160 2 1
164 1 2
168 2 2
173 3 4
176 2 3
178 2 4
178 2 2
178 2 2
180 1 4
177 3 4
174 4 4
169 3 3
168 2 2
169 1 1
174 1 3
176 2 4
169 4 2
167 3 1
158 3 1
156 4 3
154 4 3
153 5 1
153 5 1
156 7 9
156 3 5
169 21 11
160 12 10
161 5 6
152 2 4
154 1 3
158 2 3
162 2 4
167 1 3
172 2 5
172 2 3
172 2 3
171 1 1
168 2 2
167 3 2
167 3 2
166 4 2
165 2 3
166 2 3
167 1 3
167 1 3
163 4 1
145 3 1
144 5 2
145 6 9
148 17 7
145 3 1
177 15 13
146 2 2
148 2 3
154 1 3
161 1 3
163 3 5
163 3 3
160 2 1
161 1 1
161 1 1
164 1 2
162 2 2
161 3 4
157 3 3
155 3 2
155 2 4
146 2 1
164 22 21
153 14 11
152 12 11
163 17 20
150 18 13
155 1 3
157 3 3
156 4 3
152 2 1
160 2 3
156 4 3
147 2 5
148 3 6
158 15 17
151 13 13
148 14 13
150 1 3
146 2 2
151 1 3
147 1 4
151 24 15
155 20 14
152 20 15
