82 63 65
78 59 61
83 58 62
78 62 65
72 56 59
71 56 59
82 62 63
84 62 64
84 63 68
83 64 68
80 64 67
75 56 60
79 54 58
74 56 56
72 50 52
82 57 60
78 52 55
79 54 57
79 59 58
78 60 58
79 60 64
81 62 66
78 61 67
75 54 61
79 54 60
83 52 58
76 49 54
76 41 45
73 49 49
75 51 51
75 54 53
77 56 55
76 56 55
74 54 53
73 53 54
76 56 57
76 58 58
71 58 67
61 44 50
61 46 51
68 59 60
83 61 63
62 40 42
71 46 49
67 43 43
69 48 47
73 52 51
75 55 54
74 54 53
69 51 49
66 48 48
68 49 51
75 56 58
79 64 67
75 60 65
62 46 49
54 44 45
66 47 51
77 58 62
81 65 68
62 40 42
68 43 46
66 44 46
62 40 42
66 46 45
69 49 48
69 51 49
67 49 47
62 44 42
57 41 41
57 41 42
66 49 55
79 62 68
72 57 62
65 46 48
59 49 47
74 55 61
69 56 65
68 59 64
81 65 65
68 42 43
58 37 36
61 41 40
53 35 33
58 38 37
66 44 46
67 42 45
60 44 44
61 46 43
60 45 42
58 43 40
58 42 43
63 48 51
67 55 59
66 47 49
62 46 46
60 49 55
65 53 67
68 58 66
76 69 63
75 46 50
68 36 39
65 35 37
61 35 34
62 38 36
56 37 33
51 31 30
64 46 46
67 48 50
55 43 43
57 43 43
54 40 39
52 38 37
54 40 40
62 50 54
64 52 56
60 44 45
65 51 50
66 56 64
66 37 39
58 34 34
58 37 36
56 30 31
66 36 36
59 31 30
60 40 41
55 43 43
52 46 48
63 52 58
57 45 49
52 38 38
53 39 39
62 48 48
71 58 65
67 58 63
62 50 52
61 52 55
68 55 65
70 34 36
53 38 31
54 36 36
52 32 31
60 32 31
62 36 35
55 37 37
62 51 55
64 59 63
61 49 59
53 40 47
50 35 38
57 41 42
68 53 56
72 59 66
68 61 68
64 53 57
55 48 55
55 45 54
77 34 41
61 36 32
51 41 31
51 31 32
50 35 32
57 43 43
65 53 57
65 54 62
70 58 70
62 49 59
56 41 46
58 42 43
62 46 49
60 48 52
62 52 61
60 50 61
62 61 69
57 52 59
55 49 53
59 47 59
63 64 69
66 61 65
52 38 37
63 34 36
60 35 31
51 33 31
53 33 32
55 35 34
52 34 34
54 38 39
66 54 58
60 45 50
59 44 49
70 59 67
68 58 67
68 57 65
48 35 42
47 36 44
62 52 60
68 58 66
61 54 61
61 56 60
63 34 38
53 31 33
56 32 32
56 32 30
53 35 33
54 34 33
54 34 33
57 37 36
53 35 35
64 48 49
62 50 54
65 50 55
60 45 50
65 54 62
62 52 60
53 42 48
48 37 45
53 43 51
65 58 65
65 62 69
67 57 66
64 54 62
64 59 65
66 64 67
84 48 52
61 32 36
58 38 37
53 34 30
52 34 34
59 39 38
50 32 32
49 33 34
55 40 43
59 47 51
75 64 70
71 59 63
63 51 55
70 61 66
60 51 56
60 51 56
55 48 55
61 56 62
59 57 62
60 58 63
69 64 70
69 64 70
48 32 32
60 31 36
56 34 36
50 37 31
53 33 34
51 33 33
58 40 40
47 31 32
53 38 41
60 48 52
66 55 61
71 61 69
65 53 57
66 55 59
69 63 67
66 60 64
63 57 61
67 61 65
64 59 63
58 53 57
62 56 60
69 62 69
63 53 62
63 63 65
64 29 33
54 38 38
54 32 35
55 29 32
52 32 33
58 40 40
51 35 35
52 38 37
52 38 38
65 53 57
64 51 58
57 46 54
62 57 64
66 57 62
53 41 45
63 52 56
67 60 67
65 59 63
60 54 58
67 61 65
68 59 64
59 50 55
57 51 55
67 60 68
67 65 68
52 50 51
62 61 59
52 34 34
53 34 36
55 29 32
49 29 31
57 38 40
53 37 38
56 42 42
57 45 47
64 53 57
68 57 63
59 46 55
56 49 57
60 49 55
54 42 46
70 63 70
61 54 61
64 55 60
63 52 58
60 49 55
65 56 61
60 56 57
68 64 63
68 36 37
64 49 44
61 43 43
56 36 38
52 32 31
48 29 31
56 42 42
54 42 42
60 50 51
58 47 51
70 59 65
71 58 67
63 53 62
53 40 47
61 51 59
53 47 57
66 60 70
69 62 69
69 58 66
67 56 64
68 57 63
72 61 65
64 55 58
68 64 65
74 69 66
69 43 46
74 40 41
74 61 55
72 56 56
64 39 43
47 35 35
50 30 32
52 38 38
64 52 52
62 52 53
66 55 59
68 57 65
65 52 59
52 37 40
48 33 38
45 39 49
56 50 60
73 60 69
71 58 67
71 60 66
75 64 70
67 55 57
62 52 53
68 62 64
74 69 66
72 46 45
80 57 51
83 68 61
79 57 59
65 50 47
53 35 31
48 30 30
47 31 32
57 43 43
60 48 50
58 47 51
67 56 60
71 56 61
52 37 42
46 34 38
53 41 45
54 45 50
57 51 55
76 63 70
78 68 69
73 59 59
60 44 45
76 62 61
79 68 64
66 40 39
73 58 55
59 41 37
48 30 30
47 31 32
52 38 38
58 46 48
65 53 57
69 58 62
74 63 67
72 59 66
60 48 52
53 41 45
60 49 53
68 59 64
70 63 70
73 57 60
62 46 47
68 52 53
78 64 63
79 68 66
79 66 60
74 48 49
79 55 51
84 69 62
74 59 56
60 42 38
49 33 33
51 35 35
51 35 35
52 38 38
61 46 49
71 59 61
73 62 66
69 58 62
76 63 70
71 58 65
62 50 54
53 42 46
62 51 57
67 58 63
59 44 49
63 44 48
68 53 58
73 48 52
67 45 48
63 44 46
58 44 43
66 56 54
76 69 63
70 63 57
65 50 45
69 43 44
67 43 39
74 59 52
81 66 63
56 38 34
55 39 39
58 42 42
59 43 44
60 46 46
66 52 52
74 62 64
79 67 69
73 61 63
67 56 62
61 50 56
61 50 54
58 47 51
65 56 61
70 57 67
60 48 58
72 56 59
74 52 55
73 54 56
80 64 65
84 68 69
61 43 43
64 39 43
68 46 48
51 35 35
60 49 47
65 55 53
74 65 60
69 58 54
67 53 50
62 36 37
66 42 38
71 56 49
84 63 62
82 60 62
68 52 52
58 40 36
62 46 46
66 50 50
64 48 49
63 49 49
68 54 54
78 63 66
72 60 62
61 50 54
61 49 53
74 62 66
72 61 65
73 62 68
77 60 70
48 35 44
62 52 60
68 56 58
59 40 42
56 31 34
58 38 37
61 41 40
70 52 52
82 63 65
74 56 56
58 38 39
57 37 36
66 46 47
56 38 38
54 38 38
59 48 44
68 57 53
71 57 54
73 55 53
65 45 44
64 38 39
69 45 41
71 56 49
80 58 60
57 41 41
71 53 51
67 51 51
70 54 54
64 48 49
59 43 44
63 49 49
77 63 63
80 66 66
64 50 50
51 39 41
55 43 45
71 59 61
66 54 56
59 48 52
66 49 55
59 44 49
69 57 61
71 60 64
61 49 51
56 40 41
58 36 38
63 42 39
67 46 45
73 51 53
58 38 39
51 31 32
64 44 43
67 47 46
57 39 37
48 33 30
54 39 36
56 41 38
66 51 48
73 55 53
62 42 41
76 56 55
63 37 38
59 35 31
68 53 48
73 52 51
72 50 53
63 47 47
67 49 47
68 52 52
68 52 53
58 42 43
55 39 40
60 44 45
71 57 57
75 61 61
58 44 44
50 36 36
52 38 37
63 49 48
61 47 47
56 44 46
76 65 69
63 47 48
51 35 36
55 39 40
58 42 43
64 45 47
64 44 45
58 37 36
61 37 35
54 30 30
59 37 39
67 47 46
54 34 33
58 39 35
59 39 38
58 38 37
69 49 48
62 44 42
49 34 31
59 35 33
66 51 46
75 54 53
66 44 47
65 49 49
62 44 42
69 53 54
63 47 48
53 37 38
55 39 40
59 43 44
65 49 50
71 55 56
61 45 46
52 38 37
48 32 32
57 41 41
62 48 47
64 50 50
67 56 60
67 58 63
59 52 59
55 40 37
52 37 34
56 38 38
58 38 39
59 37 39
54 30 30
54 29 32
61 39 41
53 33 32
55 35 34
61 40 37
61 37 35
63 39 39
59 38 37
54 39 36
62 36 39
64 43 40
71 53 49
69 48 47
69 49 50
57 47 46
57 37 38
58 38 39
56 36 37
50 32 32
61 43 43
69 51 51
68 52 53
60 44 45
52 36 37
56 40 41
55 39 40
55 39 40
58 44 44
56 42 42
55 41 41
61 47 47
68 49 51
62 43 45
59 39 40
57 37 38
52 31 30
57 33 33
54 30 30
54 33 30
57 36 33
63 42 39
54 36 34
63 39 37
63 39 37
55 29 32
64 43 42
66 47 43
66 42 42
66 44 46
56 42 42
51 31 32
54 34 35
57 37 38
55 37 37
66 48 48
70 52 52
67 51 52
60 44 45
55 39 40
54 38 39
50 34 35
52 36 37
60 44 45
64 50 50
69 55 55
75 61 61
69 50 52
58 39 41
50 30 31
57 33 31
54 30 30
53 32 31
59 38 35
61 40 39
55 34 31
64 40 40
58 34 32
64 38 39
64 39 42
58 39 41
58 37 36
59 39 38
60 40 41
62 42 43
69 51 51
71 53 53
69 51 51
61 45 45
67 48 50
61 45 46
59 43 44
64 48 49
70 54 55
71 55 56
70 54 55
70 54 55
67 48 50
55 35 37
54 33 32
57 33 33
56 35 34
57 33 33
56 35 34
52 32 33
58 32 33
62 34 33
58 32 35
56 34 36
58 37 36
60 39 38
58 38 37
60 40 41
68 48 49
71 53 53
69 51 51
64 46 46
69 51 51
63 45 45
61 43 43
63 45 45
60 44 44
58 42 42
56 40 40
53 37 37
64 44 46
52 32 33
57 36 35
61 41 40
59 34 37
59 33 36
57 36 35
62 41 40
62 41 40
61 40 39
62 42 43
68 48 49
66 48 48
63 45 45
60 42 42
56 38 38
56 38 38
56 38 38
54 36 36
54 36 36
55 39 39
55 39 39
51 31 32
54 34 33
53 33 32
52 30 32
58 29 31
61 37 37
69 45 45
66 45 44
60 39 38
56 35 34
60 40 41
62 42 43
65 45 46
64 44 45
63 43 44
63 43 44
59 41 41
54 36 36
53 35 35
54 36 36
53 35 35
52 30 32
52 32 31
57 37 36
60 40 39
51 31 30
57 33 33
64 40 40
63 39 39
57 36 35
52 31 30
55 35 34
58 38 39
64 44 45
60 40 41
60 40 41
57 37 38
52 32 33
49 31 31
51 33 33
53 35 35
51 33 33
54 32 34
54 32 34
54 32 34
52 30 32
54 32 34
60 38 40
52 32 33
59 39 38
59 35 35
64 40 40
62 38 38
60 39 38
56 35 34
57 36 35
54 34 35
58 38 39
59 39 40
60 40 41
57 37 38
52 32 33
53 33 34
55 37 37
53 35 35
49 31 31
54 32 34
53 31 33
53 31 33
52 30 32
58 36 38
57 37 38
59 39 40
60 40 39
62 30 33
65 35 37
62 33 35
59 33 34
58 33 36
63 41 43
55 35 36
49 29 30
56 34 36
58 38 39
55 35 36
51 31 32
51 33 33
50 32 32
49 31 31
53 35 35
57 32 36
54 34 36
52 36 36
51 35 35
60 39 38
55 35 36
58 32 31
59 38 37
64 43 42
58 38 39
60 38 40
53 33 34
53 33 34
49 29 30
51 33 33
51 33 33
52 34 34
51 31 33
52 32 34
52 34 34
49 31 31
79 63 64
55 37 35
56 38 36
64 44 43
63 42 41
52 31 30
56 36 37
59 39 40
54 34 35
50 30 31
52 32 33
49 31 31
60 40 42
57 39 35
60 42 38
55 36 32
54 33 32
55 35 34
60 40 39
55 35 34
57 38 34
53 34 30
52 32 31
51 33 31
78 62 62
54 29 33
63 45 45
73 51 53
