90 83 91
86 78 89
87 85 96
81 84 89
90 78 100
88 77 94
90 76 99
86 72 97
88 69 88
86 72 97
84 67 86
89 58 73
85 75 102
86 73 99
80 66 91
75 59 85
79 56 82
83 58 80
81 56 77
79 51 66
78 58 70
90 72 84
90 77 87
81 79 103
87 77 104
73 66 97
71 64 95
78 71 104
73 66 99
72 65 99
74 63 95
72 59 85
67 55 79
63 49 72
70 51 73
74 53 72
72 51 66
71 55 65
78 60 72
72 59 69
79 75 98
60 62 85
61 63 84
54 56 79
65 63 85
83 81 102
82 78 101
73 68 90
78 70 93
84 78 104
79 73 101
72 65 96
64 57 88
66 61 91
66 60 86
64 54 79
59 49 73
57 45 65
66 56 65
81 78 85
77 74 93
65 64 80
64 64 88
73 73 101
81 78 105
69 67 91
65 61 86
69 65 92
72 66 92
73 69 92
77 73 96
76 72 95
65 61 84
55 51 74
54 49 72
60 55 78
64 59 82
58 52 78
56 51 74
57 49 72
67 62 84
63 56 74
68 66 90
73 70 101
69 64 96
67 64 95
69 66 93
69 65 92
64 59 89
61 55 83
58 54 77
60 56 79
56 53 74
61 56 78
72 67 89
68 65 86
59 49 74
55 47 68
57 50 68
60 48 70
61 50 67
73 68 75
83 78 101
61 52 79
67 58 79
58 53 75
52 50 71
60 58 79
60 59 77
54 53 71
63 60 79
70 65 85
62 57 77
54 51 68
54 51 70
63 51 73
63 49 72
57 45 65
75 74 80
84 79 99
58 50 73
53 52 66
53 51 65
57 54 71
62 60 74
55 53 67
53 50 67
54 50 67
81 80 88
57 53 67
57 55 68
74 72 85
55 51 66
70 67 86
54 51 68
62 60 74
67 65 78
58 54 68
59 56 77
54 49 71
52 49 68
53 52 68
59 56 73
63 59 74
59 57 71
76 74 95
65 61 86
76 72 95
63 62 80
53 50 69
53 49 66
54 50 65
68 66 88
61 59 80
70 69 87
69 66 83
85 82 103
60 56 79
52 48 71
58 54 77
80 77 96
61 57 80
78 77 95
80 81 85
62 59 78
59 57 71
64 62 75
69 65 79
69 66 77
69 66 75
68 65 72
79 78 76
69 67 72
70 64 66
71 68 75
69 67 70
