130 100 126
127 99 122
147 101 129
143 99 126
140 97 125
132 98 123
126 91 115
115 81 106
117 84 113
119 88 119
117 91 116
134 90 115
133 95 120
125 91 116
122 83 112
118 79 110
113 82 113
136 98 121
129 91 116
124 85 114
124 80 116
113 71 107
120 96 118
131 93 116
130 87 115
125 81 116
118 70 108
116 66 103
114 71 101
109 76 103
124 96 119
138 93 124
126 79 115
117 69 107
116 70 106
116 72 105
114 75 106
141 98 128
130 83 117
121 74 110
115 69 105
113 68 101
112 67 100
109 66 96
109 64 93
135 90 119
129 80 112
123 71 107
115 65 100
110 65 98
114 69 102
117 73 106
108 66 102
136 98 121
127 78 108
122 68 104
119 67 103
112 66 102
110 70 104
107 70 103
138 100 123
128 82 111
128 74 108
116 64 100
108 64 99
110 69 103
144 100 127
134 85 115
127 76 107
118 69 101
111 81 93
144 95 125
136 82 114
127 74 104
115 65 94
135 87 111
122 69 97
116 61 90
141 95 123
125 76 97
118 95 105
144 95 127
134 81 111
122 68 91
143 92 125
138 78 116
134 78 113
135 81 115
126 73 103
127 72 101
121 65 90
136 92 125
120 80 107
135 92 119
134 83 114
129 69 103
128 71 103
127 77 104
126 73 99
120 67 93
121 72 94
130 88 128
119 79 114
107 74 105
118 81 112
128 96 120
121 92 114
122 65 97
119 63 92
112 66 92
114 68 94
113 68 91
118 69 90
114 82 119
111 77 110
122 81 115
120 73 105
111 61 90
110 66 91
134 101 130
123 88 120
110 67 97
121 91 125
111 69 109
109 75 99
130 82 124
118 63 102
107 84 110
111 89 127
121 86 126
109 63 99
135 101 126
130 82 124
129 74 116
127 69 107
123 63 99
119 82 115
127 89 126
133 84 129
128 73 115
128 72 107
119 62 95
121 86 119
123 88 121
125 69 114
126 67 97
117 82 112
139 92 102
112 80 93
133 83 121
129 71 109
124 66 91
125 87 112
119 85 112
142 93 99
134 80 114
125 68 101
129 83 112
122 67 98
127 76 109
142 94 90
145 89 126
129 88 122
120 73 105
108 62 91
135 94 126
146 90 129
130 73 114
134 76 117
138 79 123
135 87 127
124 89 122
115 78 111
107 66 96
128 98 124
139 77 114
128 64 98
123 62 93
127 65 102
121 67 103
122 75 111
117 75 113
107 71 109
143 97 123
130 91 118
146 90 129
137 74 105
138 74 101
138 79 101
140 78 101
124 68 105
116 68 106
107 66 108
125 90 110
131 93 116
129 88 118
135 92 120
137 92 121
129 80 112
125 71 105
131 69 106
136 73 102
138 76 101
130 77 97
118 68 97
109 63 99
107 66 106
115 77 102
127 92 122
126 72 108
119 64 95
122 69 95
127 68 100
128 68 102
130 70 104
121 79 101
109 69 96
114 74 108
115 73 109
114 74 109
116 91 112
127 88 115
133 86 118
114 65 97
118 63 94
120 63 96
123 63 99
121 61 95
126 68 106
131 87 120
112 70 106
114 72 112
120 73 115
121 79 119
114 77 118
113 84 102
130 77 107
135 90 121
120 73 107
119 62 97
125 65 99
131 86 107
130 87 114
147 101 130
128 83 114
108 61 103
115 68 110
119 77 117
114 76 117
113 81 96
111 70 100
120 74 100
123 79 106
131 85 113
121 76 107
108 64 99
108 68 105
109 81 96
133 84 90
132 92 93
