25 19 19
27 17 18
27 18 19
42 32 33
25 13 15
41 31 32
27 13 13
27 13 12
29 15 14
26 14 14
28 14 14
38 23 26
47 38 41
25 14 12
26 12 11
27 13 12
29 15 15
26 10 11
29 10 12
26 7 9
47 37 38
29 18 16
29 18 16
29 15 14
29 15 14
29 11 11
30 12 12
27 8 10
26 7 9
30 14 15
27 17 18
28 16 18
27 13 13
31 17 17
29 13 14
29 13 14
29 13 13
31 11 12
31 13 13
28 12 13
31 15 16
26 10 11
30 20 21
28 18 19
28 12 15
27 11 14
25 9 12
33 14 16
31 12 14
25 6 8
29 9 11
30 10 12
34 12 14
26 8 8
30 14 14
27 13 13
26 10 11
31 11 13
35 13 16
47 37 38
27 15 17
26 10 11
25 9 10
26 10 11
30 14 15
30 14 14
28 12 12
27 11 11
25 5 7
25 6 8
29 10 12
32 13 15
29 10 12
30 11 13
25 6 8
29 10 12
35 16 18
25 13 15
28 12 13
25 9 10
25 9 10
26 10 11
25 9 10
26 10 10
29 11 11
26 8 8
30 10 12
30 10 12
30 11 13
31 12 14
28 9 11
30 11 13
27 8 10
30 11 13
36 16 18
36 22 22
28 16 18
26 11 14
28 13 16
26 10 11
26 10 11
27 11 12
25 6 8
26 8 8
31 13 13
28 10 10
31 11 13
33 13 15
33 13 15
35 15 17
34 14 16
37 17 19
33 14 16
34 15 17
35 13 16
28 9 11
46 34 36
26 11 14
26 11 14
25 10 13
26 11 14
34 18 21
28 12 13
31 12 14
26 7 9
27 9 9
31 13 13
33 15 15
30 10 12
32 12 14
31 11 13
33 13 15
33 13 15
38 18 20
36 16 18
35 15 17
39 14 18
35 15 17
49 33 34
29 13 16
27 11 12
27 11 12
28 12 13
25 9 10
27 11 12
27 8 10
29 10 12
31 12 14
31 12 14
30 11 13
29 9 10
30 10 11
34 14 15
35 15 17
36 16 18
34 14 16
35 15 17
33 13 15
38 16 19
37 15 18
36 14 17
40 15 19
34 12 15
36 16 18
27 11 12
28 12 13
27 11 12
26 10 11
28 9 11
29 10 12
31 12 14
31 12 14
29 10 12
30 11 13
33 13 15
32 12 13
32 12 13
35 15 16
37 17 19
40 20 22
39 19 21
44 22 25
41 19 22
41 19 22
41 16 20
39 14 18
34 12 15
47 25 28
37 15 18
38 18 20
48 32 33
25 9 10
26 12 12
25 6 8
25 6 8
33 14 16
33 14 16
26 7 9
29 10 12
32 13 15
30 11 13
32 12 14
34 14 16
35 15 17
34 14 15
36 16 17
38 18 19
34 14 16
38 18 20
38 18 20
45 23 26
43 21 24
43 18 22
42 17 21
41 16 20
43 23 24
41 19 22
46 24 27
43 21 24
39 20 24
37 17 19
30 11 13
26 7 9
25 9 9
30 11 13
28 9 11
28 9 11
30 11 13
31 12 14
32 13 15
33 13 15
30 10 12
34 14 16
32 12 14
38 18 20
41 21 23
36 16 18
34 14 15
38 18 19
40 18 20
37 17 19
40 20 22
37 17 19
43 21 24
40 18 21
41 16 20
44 19 23
48 21 26
42 24 24
42 20 22
44 19 23
47 22 26
45 24 29
30 11 13
29 10 12
28 12 12
25 9 10
27 11 12
30 11 13
29 10 12
33 14 16
38 18 20
36 16 18
37 17 19
40 18 21
41 19 22
31 9 12
45 23 26
35 13 16
39 17 20
43 18 22
42 17 21
40 18 21
40 15 19
43 18 22
45 18 23
41 14 19
44 17 22
40 15 19
45 20 24
47 25 28
48 26 29
42 17 21
54 27 32
49 24 28
33 10 16
27 8 10
26 7 9
26 10 11
26 10 10
27 8 10
29 10 12
33 14 16
32 13 15
34 14 16
38 18 20
38 18 20
38 18 20
41 19 22
40 18 21
36 14 17
41 19 22
40 18 21
41 19 22
41 16 20
44 19 23
43 21 24
43 18 22
43 18 22
48 21 26
47 20 25
47 20 25
42 17 21
45 20 24
54 32 35
55 30 34
54 27 32
52 25 30
48 23 27
42 22 24
53 37 38
33 12 17
29 8 13
26 7 9
25 6 8
25 6 8
27 8 10
29 10 12
25 7 7
30 12 12
29 11 11
29 10 12
29 9 11
36 16 18
37 17 19
34 14 16
35 15 17
39 17 20
42 20 23
40 18 21
39 17 20
41 19 22
37 15 18
45 23 26
45 20 24
44 19 23
50 25 29
48 26 29
47 22 26
40 15 19
46 19 24
48 21 26
48 21 26
46 21 25
50 25 29
52 27 31
53 26 31
55 26 31
53 24 29
52 25 30
45 23 26
40 21 23
25 2 8
31 8 14
26 7 9
25 6 8
34 15 17
25 6 8
26 7 9
32 14 14
30 12 12
33 13 14
37 15 17
33 11 13
40 18 20
43 21 23
37 15 17
35 13 15
39 17 19
45 23 25
39 17 20
41 19 22
46 24 27
39 17 20
51 26 30
45 20 24
48 23 27
49 24 28
47 25 28
50 25 29
40 15 19
43 16 21
43 16 21
44 17 22
47 22 26
51 26 30
49 22 27
53 24 29
51 22 27
54 25 30
49 22 27
47 22 26
44 22 25
39 20 26
30 5 11
28 5 11
25 6 8
25 6 8
33 14 16
26 6 8
32 12 13
30 10 11
33 13 14
43 18 21
40 15 18
44 19 22
45 20 23
42 17 20
43 18 21
43 18 21
42 20 22
38 16 19
46 24 27
53 31 34
54 29 33
58 33 37
52 27 31
58 33 37
50 25 29
49 27 30
55 30 34
47 22 26
49 22 27
47 20 25
47 20 25
47 22 26
47 22 26
53 24 29
54 25 30
51 22 27
56 27 32
48 21 26
51 26 30
54 29 33
34 15 21
37 14 20
28 12 15
25 6 8
27 8 10
26 7 9
28 8 10
31 11 13
28 6 8
34 12 14
36 14 16
41 15 18
44 18 21
45 19 22
42 16 19
43 18 21
47 22 25
44 19 22
44 19 22
46 24 27
56 34 37
59 34 38
63 38 42
59 34 38
63 38 42
55 30 34
52 30 33
55 30 34
50 25 29
53 26 31
50 23 28
51 24 29
49 24 28
46 21 25
55 26 31
53 24 29
52 23 28
49 22 27
46 19 24
51 26 30
48 23 27
52 27 31
52 33 39
33 14 20
25 9 12
26 10 13
27 8 10
28 9 11
27 8 10
31 11 13
36 14 17
31 9 11
36 14 16
41 16 19
42 13 17
47 18 22
45 19 22
42 16 19
45 19 22
44 18 21
44 19 22
59 34 37
64 39 43
61 34 39
62 35 40
60 38 41
56 31 35
54 29 33
55 28 33
49 22 27
50 23 28
48 23 27
50 25 29
53 24 29
50 23 28
52 25 30
51 26 30
52 27 31
53 28 32
43 18 22
46 21 25
30 9 16
34 11 19
26 14 16
26 7 11
27 8 10
26 7 9
34 14 16
28 8 10
34 12 15
38 16 18
37 12 15
42 17 20
46 17 21
49 20 24
49 20 24
50 21 25
48 22 25
38 12 15
46 20 23
55 28 33
53 26 31
51 26 30
58 33 37
53 26 31
53 26 31
47 22 26
48 23 27
51 26 30
52 27 31
51 26 30
48 23 27
32 16 17
35 13 16
25 7 7
29 13 14
27 9 9
32 12 13
35 13 15
34 8 11
34 8 11
42 13 17
47 18 22
47 21 24
48 18 26
46 17 22
44 14 16
47 18 20
45 19 20
40 18 20
58 31 36
59 32 37
58 33 37
55 30 34
53 26 31
52 25 30
51 24 29
55 28 33
55 28 33
48 23 26
52 27 30
50 25 28
32 16 17
31 9 12
29 9 10
28 10 10
30 12 12
31 11 12
32 10 12
37 11 14
40 11 15
41 12 16
45 16 20
49 20 24
46 17 22
50 21 25
53 23 25
53 23 25
38 12 15
64 37 42
58 33 37
56 31 35
57 30 35
52 25 30
54 27 32
55 28 33
52 25 30
50 25 28
51 26 29
47 22 25
32 16 17
30 8 11
31 11 12
29 11 11
26 7 9
31 12 14
29 9 10
31 11 12
33 8 11
40 14 17
44 15 19
42 13 17
46 17 21
46 17 21
50 21 26
51 22 26
52 21 26
56 25 30
35 8 13
58 31 36
60 33 38
52 25 30
52 25 30
54 27 32
55 28 33
50 23 28
48 21 26
53 28 31
51 26 29
46 21 24
25 9 10
28 8 10
29 9 10
25 7 7
27 8 10
33 14 16
26 6 7
34 12 14
34 9 12
37 11 14
43 14 18
44 15 19
49 20 24
46 17 21
49 20 24
57 26 31
62 31 36
64 33 39
47 17 25
53 28 34
49 22 27
56 29 34
50 23 30
47 20 25
53 26 31
48 21 26
47 20 25
52 25 30
54 29 32
49 24 27
52 27 30
38 22 23
34 14 16
33 13 14
31 13 13
29 10 12
29 9 11
29 9 10
36 14 16
35 10 13
36 10 13
41 12 16
43 14 18
49 20 24
49 20 24
51 22 26
63 32 37
63 33 43
55 32 40
46 21 27
49 22 29
48 21 28
52 22 30
48 21 26
51 24 29
42 15 20
50 23 28
55 28 33
52 27 30
48 23 26
51 26 29
34 14 16
30 10 11
32 12 13
28 9 11
27 7 9
32 12 13
34 12 14
36 11 14
40 14 17
45 16 20
44 13 18
44 15 19
50 21 25
53 22 27
55 24 29
57 31 40
52 25 32
46 19 26
49 22 29
45 18 25
46 19 24
51 24 29
46 19 24
48 21 26
47 20 25
53 28 31
52 27 30
51 26 29
38 18 20
31 11 12
33 13 14
31 11 13
34 14 16
33 13 14
33 11 13
38 13 16
44 15 19
49 20 24
49 18 23
44 13 18
50 21 25
49 18 24
51 20 25
51 25 36
54 27 36
52 22 30
46 16 24
52 25 32
43 16 23
45 18 23
49 22 27
49 22 27
46 19 24
45 18 23
53 28 31
55 30 33
41 21 23
37 15 17
35 15 16
29 9 11
32 12 14
34 14 15
34 12 14
39 14 17
39 10 14
47 16 21
54 23 28
48 17 22
54 23 28
52 21 27
55 24 29
62 30 35
62 29 36
53 25 37
51 21 31
44 14 22
53 23 31
47 20 27
49 22 29
49 22 27
43 16 21
45 18 23
52 25 30
57 30 35
49 24 27
52 27 30
43 7 11
48 18 20
28 10 10
28 14 13
30 8 10
33 8 11
38 12 15
44 15 19
42 13 17
44 15 19
50 21 25
44 18 21
49 17 20
55 23 28
63 32 38
48 22 31
51 24 33
45 18 27
49 22 29
45 18 25
50 23 30
46 19 24
55 19 29
40 13 18
41 22 24
50 30 31
46 20 23
54 28 31
42 23 25
55 26 28
38 8 10
45 23 25
28 12 12
35 13 15
36 11 14
38 12 15
44 15 19
43 14 18
43 14 18
49 20 24
49 20 24
50 18 23
55 22 29
58 27 33
55 31 44
54 30 43
53 27 36
44 18 27
49 22 31
47 20 29
48 21 28
41 14 21
44 17 22
46 19 24
50 17 26
49 24 28
46 26 28
41 19 21
50 21 25
47 21 24
46 30 31
50 32 32
54 25 29
46 20 23
31 13 13
36 14 16
37 12 15
37 11 14
44 15 19
45 16 20
44 15 19
49 20 24
53 24 28
49 16 23
51 18 27
58 27 35
64 34 44
57 27 39
55 29 42
54 28 39
54 28 39
54 28 39
50 24 35
44 18 29
44 18 27
45 19 28
44 18 27
47 20 27
49 22 29
44 17 24
44 17 22
48 21 26
51 21 29
42 17 21
46 21 25
49 23 26
51 20 25
50 24 27
49 24 27
49 20 24
37 17 18
36 16 17
39 17 19
39 14 17
45 16 20
47 18 22
46 15 20
46 17 21
48 19 23
50 19 27
48 17 25
58 27 35
52 21 29
59 29 39
53 23 33
56 26 36
49 19 29
55 28 37
51 24 33
51 24 33
49 22 31
47 20 29
47 21 30
44 18 27
41 16 22
44 18 27
48 22 31
41 15 24
48 23 29
50 23 30
51 24 29
48 21 26
47 20 25
47 20 27
44 19 23
50 24 27
49 18 23
47 16 21
41 19 22
39 14 17
35 15 16
35 15 14
40 19 18
40 15 18
42 16 19
47 18 22
47 16 21
47 16 22
48 17 23
48 17 25
51 20 28
58 27 35
49 18 26
57 26 34
46 16 24
51 21 29
49 19 27
45 18 27
46 19 28
49 22 29
47 20 27
44 17 24
44 17 24
43 18 24
44 19 25
42 16 25
47 21 30
43 18 24
50 25 31
46 21 27
51 24 29
49 22 27
42 15 20
44 22 25
52 27 31
47 21 24
49 20 24
53 26 31
39 21 21
39 21 21
35 15 14
40 19 18
39 15 15
41 15 18
47 18 22
49 18 24
50 19 25
50 19 25
44 13 19
53 22 28
53 22 28
57 26 34
54 23 31
51 20 28
47 16 24
50 19 27
46 19 26
48 21 28
49 22 29
49 22 29
45 18 25
44 19 25
45 20 24
44 19 23
42 16 25
46 21 27
47 22 28
49 24 30
40 15 19
44 19 23
47 20 25
44 17 22
45 23 26
46 21 25
43 17 20
48 23 26
43 23 25
36 20 20
40 22 20
41 21 20
41 17 17
43 17 20
48 17 22
47 16 22
49 18 24
48 17 23
46 17 21
49 20 24
43 14 19
52 21 27
45 14 22
47 16 24
46 15 23
50 18 29
42 15 22
44 17 24
42 17 23
44 19 25
44 19 25
43 18 24
48 23 27
44 19 23
45 22 28
41 18 24
46 21 27
46 21 27
41 16 20
42 17 21
44 19 23
47 22 25
40 18 21
44 19 23
47 22 25
41 21 22
42 24 22
41 21 20
42 18 18
47 21 24
51 20 25
48 17 23
49 18 24
49 18 24
51 22 24
47 18 22
45 16 20
51 20 26
49 18 26
46 15 23
49 17 28
47 15 26
40 14 23
43 17 26
39 14 20
42 17 23
43 18 24
40 17 23
46 23 29
41 18 24
47 24 30
37 14 20
41 16 22
44 19 25
47 22 26
45 20 24
41 16 19
44 19 22
43 21 24
43 18 22
43 21 23
42 31 29
33 15 15
47 22 25
43 14 18
46 15 20
52 23 28
46 17 22
50 21 25
47 16 22
51 20 26
52 21 27
49 18 26
48 17 25
45 15 23
46 19 26
47 17 27
42 15 24
44 17 26
43 16 25
42 16 25
42 16 25
39 13 22
38 15 23
38 17 24
40 19 24
40 19 24
39 16 22
40 18 21
48 26 29
43 18 22
42 17 21
41 19 22
44 25 27
51 39 39
41 25 26
41 19 22
41 15 18
51 22 26
49 20 24
43 14 18
43 17 20
47 18 22
52 23 28
50 21 26
45 16 21
46 17 22
44 17 24
44 19 25
46 21 27
44 19 25
45 20 26
42 19 25
41 18 24
40 17 23
37 16 21
38 17 22
35 12 18
46 23 29
38 15 21
42 19 25
44 24 26
44 24 26
44 24 26
39 19 21
42 23 25
42 23 25
47 22 26
46 20 23
44 15 19
59 30 32
48 23 26
49 23 26
47 21 24
47 18 22
48 19 24
48 21 26
47 20 25
38 13 17
45 22 28
43 20 26
43 20 26
40 19 24
39 18 23
39 18 23
38 19 23
41 22 26
43 20 26
40 18 21
43 23 25
48 28 30
41 22 24
41 22 24
39 23 23
43 27 27
44 25 27
48 26 28
56 30 33
60 34 35
55 30 33
56 31 34
54 28 31
55 26 30
51 22 26
49 20 24
48 22 25
44 18 21
44 22 25
42 20 23
43 21 24
42 22 24
41 21 23
41 21 23
39 20 22
41 22 24
41 19 22
43 23 25
39 19 21
36 17 19
37 23 23
36 24 24
44 24 25
53 33 34
60 38 41
55 30 34
51 24 29
54 28 31
55 26 30
50 21 25
48 22 25
49 23 26
47 25 28
43 21 24
41 19 22
38 16 19
37 17 19
39 19 21
40 21 23
44 25 27
38 19 21
35 19 20
37 23 23
42 30 30
45 26 30
41 21 23
46 24 27
48 26 29
45 23 26
42 20 23
43 23 25
41 20 25
38 19 23
40 21 25
38 19 23
36 20 23
37 21 24
39 23 26
43 28 31
37 25 27
