130 108 131
136 106 130
125 100 130
114 88 113
127 107 135
116 87 107
126 101 123
132 109 137
135 108 139
137 110 143
125 99 124
133 108 130
132 106 135
130 104 133
134 102 139
140 102 143
116 93 113
134 106 128
138 110 132
133 102 133
132 99 130
134 96 133
142 100 140
121 96 118
132 104 126
134 105 133
135 100 130
135 95 130
137 95 133
142 100 140
113 88 117
125 95 123
127 96 127
135 91 127
138 92 129
139 93 129
143 98 139
113 80 109
120 85 117
124 84 118
126 89 123
135 93 129
141 94 130
144 93 134
150 102 144
114 77 108
122 84 121
130 86 122
130 84 121
137 91 128
142 96 133
141 93 133
148 97 140
151 103 145
123 78 117
129 81 119
135 80 119
136 84 123
140 90 128
141 93 133
142 96 135
144 97 139
146 101 144
129 77 113
133 81 119
136 84 123
137 90 126
139 93 129
138 92 131
140 93 135
123 71 109
129 77 116
130 79 120
130 82 120
133 85 123
132 84 124
134 87 129
140 95 138
125 72 118
128 77 118
127 79 117
130 79 120
133 82 123
140 88 134
143 94 139
126 74 113
130 74 111
134 73 115
133 75 115
137 82 122
138 87 130
139 94 137
130 72 112
130 72 112
132 74 115
132 77 117
132 83 128
129 74 114
137 79 119
136 74 113
130 79 122
136 98 139
140 101 145
136 95 139
136 94 140
119 97 135
128 76 115
143 86 121
143 79 114
126 73 115
131 89 129
139 102 145
134 98 144
132 91 135
129 84 125
131 83 125
129 84 125
134 89 132
137 102 144
126 74 112
144 85 117
146 81 115
128 80 120
133 92 134
135 98 141
137 102 144
129 101 142
127 98 142
127 93 143
124 86 137
124 83 127
125 78 120
126 73 117
123 71 110
122 74 112
130 82 120
133 91 129
137 78 110
137 73 107
120 75 116
120 81 125
125 83 129
126 84 130
125 86 131
128 86 132
124 83 127
119 78 120
117 74 119
124 74 111
126 78 116
130 92 131
132 75 107
122 72 109
125 80 119
132 108 142
129 72 105
119 73 109
127 98 129
122 86 114
135 110 132
115 79 105
126 99 118
119 88 106
134 108 121
129 107 128
118 94 126
121 93 105
130 104 115
131 108 118
128 104 117
122 110 120
112 105 121
