157 93 119
154 94 119
155 96 114
147 88 106
144 85 103
148 90 112
160 90 118
165 96 125
148 93 122
140 81 109
141 79 100
134 83 98
150 88 103
143 82 97
134 81 97
156 92 119
144 75 96
138 75 94
136 78 103
157 94 113
156 88 113
143 79 95
139 74 94
158 86 126
152 87 109
145 82 101
137 74 93
149 79 105
145 67 93
151 90 123
140 67 96
157 93 127
150 85 117
148 77 107
144 71 100
146 85 119
160 91 120
163 83 120
156 74 114
152 70 108
153 66 101
143 56 90
138 63 93
156 91 125
162 92 128
172 90 130
166 69 112
165 63 110
161 64 107
158 57 97
153 56 91
148 62 91
173 80 124
165 67 114
159 63 111
156 68 110
159 75 111
159 71 109
155 63 100
158 90 127
168 94 129
168 80 128
167 74 121
161 74 117
160 88 128
159 84 125
145 59 94
156 85 117
167 96 128
153 71 107
156 82 117
169 92 126
149 77 115
156 80 116
168 88 123
144 69 108
159 85 120
164 87 121
154 84 121
150 79 111
145 65 100
161 87 120
163 88 119
170 90 119
165 84 127
164 83 126
163 87 126
161 89 129
159 87 127
156 81 114
149 76 105
141 65 95
159 88 118
165 88 120
171 88 118
173 96 128
167 82 123
166 79 122
164 79 118
159 79 114
153 76 112
150 75 106
146 67 99
137 61 91
155 89 116
162 83 115
168 87 119
166 88 128
164 82 122
160 76 112
154 69 100
149 62 97
144 58 93
144 57 92
142 57 90
154 92 117
159 82 114
169 88 121
171 96 129
167 87 126
162 76 111
156 65 96
152 58 94
147 56 91
143 60 90
156 96 122
157 90 121
163 87 115
167 91 119
168 89 120
163 74 106
160 64 101
153 58 92
160 86 121
164 83 115
166 87 118
169 94 127
165 80 113
162 68 104
153 58 92
158 85 114
166 80 109
164 71 100
168 77 110
167 93 130
162 77 110
156 65 98
153 60 91
153 83 107
156 73 93
163 64 93
158 82 118
156 70 105
155 63 100
154 64 99
145 64 96
152 88 112
155 76 98
162 77 100
160 70 98
168 72 109
173 91 127
159 87 125
157 76 109
156 69 103
152 62 97
146 56 91
157 72 105
162 76 105
158 71 105
165 72 103
168 81 115
167 83 119
173 82 123
170 79 120
161 77 113
164 83 116
169 90 122
158 80 120
152 70 106
148 57 92
150 77 106
150 56 90
148 58 93
157 63 97
160 69 104
164 74 112
167 79 119
169 81 123
168 80 120
168 78 116
171 81 119
168 80 122
164 81 125
156 80 119
145 67 106
154 59 93
163 63 101
164 72 113
164 73 116
164 67 112
163 66 111
166 73 117
167 72 114
159 68 111
159 81 123
153 80 123
144 68 107
140 65 106
143 67 105
142 83 111
142 64 90
157 62 96
157 62 102
156 59 104
160 61 105
158 71 113
161 73 115
161 70 114
152 76 115
159 88 128
158 88 125
154 79 122
147 64 106
141 63 102
143 71 108
139 65 100
144 68 98
143 59 92
151 56 96
148 61 103
155 63 104
161 64 109
157 68 112
152 74 116
155 73 119
157 75 121
152 71 112
148 66 104
144 56 98
144 56 96
140 86 112
151 58 102
153 64 108
154 65 111
156 67 113
155 69 114
153 65 113
148 59 105
137 57 96
139 68 98
151 56 96
146 59 102
150 67 111
155 67 115
152 64 112
149 63 112
152 63 111
136 56 95
143 74 93
141 61 90
148 86 123
149 59 113
147 61 108
150 62 110
146 62 112
140 72 97
136 60 90
146 87 115
140 57 103
143 57 104
142 60 106
145 60 102
145 57 99
147 69 91
159 94 114
145 88 103
