52 40 44
46 27 33
55 29 38
24 24 24
17 13 14
40 28 32
53 32 39
47 20 29
48 18 28
16 8 6
45 21 21
54 23 29
16 7 8
25 15 13
46 27 21
41 23 23
51 18 13
51 24 29
18 6 8
44 30 43
52 32 44
49 21 18
51 38 32
38 10 32
48 20 42
49 33 44
39 26 36
33 21 31
37 18 24
46 20 29
34 20 35
29 19 28
36 30 34
46 30 41
26 11 18
55 29 32
50 25 18
34 10 10
55 29 30
28 24 41
30 27 36
33 29 28
38 27 33
37 37 37
39 23 26
45 23 26
49 24 28
37 17 19
17 2 5
50 40 41
50 20 28
34 13 20
35 23 27
29 20 25
29 22 29
34 27 34
28 21 29
34 23 39
19 9 10
52 38 38
24 10 10
19 9 10
26 17 18
50 23 30
39 18 25
30 13 19
27 12 19
30 14 24
43 26 36
48 27 44
40 23 39
24 18 18
34 15 19
41 25 28
35 20 25
25 10 15
26 11 18
28 11 21
36 14 26
50 26 39
34 28 38
23 23 31
32 22 33
49 22 39
17 13 12
17 11 11
17 8 9
21 12 15
19 13 15
18 12 14
18 12 16
21 15 19
23 14 19
23 10 19
22 9 18
32 20 32
43 25 39
41 23 35
30 20 29
34 24 33
50 30 42
16 6 7
22 10 14
20 11 14
19 10 13
18 12 14
18 12 16
18 13 17
24 18 22
24 18 22
19 12 19
18 10 21
30 12 24
45 21 34
48 27 36
44 22 34
54 26 40
19 9 10
22 10 12
21 9 13
25 8 14
32 15 21
31 16 21
22 9 16
22 9 16
28 17 23
30 19 25
25 16 21
31 19 29
28 12 22
27 10 18
41 20 27
17 8 9
21 11 12
18 7 11
22 11 15
18 5 12
24 11 18
27 12 19
23 8 15
21 8 15
27 14 21
28 15 22
22 11 17
24 11 20
37 22 29
29 17 21
31 16 19
54 29 35
18 9 10
21 12 15
17 11 13
17 12 16
22 16 20
19 10 15
22 13 18
26 17 22
21 12 17
27 17 25
33 18 25
31 16 19
31 22 23
35 25 26
44 23 32
53 25 40
52 25 42
27 8 10
41 10 15
32 8 8
17 8 9
20 8 10
25 10 13
19 10 13
16 10 12
17 13 14
18 12 14
20 11 14
19 8 14
24 13 19
29 16 25
27 16 24
28 17 25
35 20 27
45 22 30
54 24 34
20 6 6
53 29 29
20 9 5
18 9 10
20 10 11
17 8 11
15 9 11
15 11 12
15 9 11
17 11 13
20 11 16
21 10 16
23 12 18
27 16 24
24 14 22
25 12 19
40 19 26
53 25 40
23 13 12
37 12 15
51 26 29
26 12 11
18 12 12
18 9 10
19 10 13
19 10 13
18 12 14
18 14 15
16 12 13
18 12 14
21 12 17
29 18 24
33 23 31
29 20 25
26 15 21
37 20 26
53 30 36
42 32 33
49 24 30
25 6 8
34 14 15
24 10 9
16 10 10
19 10 11
16 6 7
19 10 13
19 10 13
18 9 12
18 12 14
19 13 15
16 10 12
20 14 18
31 22 27
34 25 30
28 22 26
29 20 25
35 20 25
42 21 26
33 29 30
34 18 21
21 7 7
26 7 9
23 11 11
19 10 11
22 12 13
23 11 13
21 9 11
16 4 6
18 7 11
18 7 11
16 7 10
16 7 10
18 9 12
15 9 11
15 11 12
23 14 19
23 14 19
20 14 18
24 18 20
32 20 24
33 17 20
21 15 17
20 10 11
31 15 18
54 33 40
23 22 20
18 6 8
19 5 5
18 10 8
17 6 10
25 13 15
31 16 19
30 15 18
28 13 16
25 10 13
20 9 13
23 12 16
21 10 14
17 6 10
15 6 9
17 13 14
18 9 14
20 11 16
19 13 17
24 18 20
33 23 24
38 23 26
32 20 24
25 16 19
26 16 17
35 16 18
47 17 19
34 9 15
55 18 26
22 18 17
24 14 15
17 7 8
15 6 9
20 10 11
26 14 16
28 16 18
26 14 16
25 15 16
22 11 15
28 17 21
27 15 19
22 10 14
19 8 12
16 7 10
15 15 15
16 10 12
22 11 17
25 14 20
24 15 20
25 19 21
35 25 26
41 26 29
30 18 22
31 20 24
26 14 16
25 9 10
36 26 27
17 7 8
19 9 10
17 8 9
18 9 10
18 7 11
27 15 19
27 15 19
24 12 16
23 12 16
19 10 13
22 11 15
22 11 17
18 9 14
22 13 16
31 21 22
35 20 23
28 17 23
31 16 21
35 19 22
40 22 22
47 21 22
32 20 22
19 7 9
16 7 8
16 7 8
19 10 11
22 13 14
22 11 15
18 7 11
19 10 13
19 13 15
16 10 14
21 12 15
21 12 15
24 13 17
29 19 20
27 23 22
29 19 20
31 17 17
38 27 25
54 11 18
18 9 10
18 12 12
15 9 9
21 15 15
23 14 15
20 11 12
20 10 11
22 11 15
27 16 20
24 15 18
15 9 11
17 11 13
16 10 12
21 12 15
20 11 14
23 13 14
30 20 21
28 19 20
29 17 19
32 20 22
28 19 20
46 34 34
40 34 34
17 11 11
20 14 14
19 13 13
21 12 13
22 12 13
25 15 16
26 14 18
30 19 23
29 18 22
18 9 12
15 9 11
17 11 11
21 12 13
20 11 12
20 11 12
22 13 14
27 15 17
24 9 14
33 22 26
22 20 23
45 25 24
47 23 21
20 18 19
31 29 30
16 12 13
17 7 8
18 8 9
22 10 12
24 12 16
25 13 17
26 15 19
24 15 18
20 11 14
16 10 10
18 12 12
18 12 12
17 11 11
21 12 13
22 13 14
19 10 11
16 7 8
22 10 10
35 20 25
28 19 24
15 14 19
17 13 14
51 31 32
36 12 12
25 15 16
27 17 18
22 12 13
25 13 17
25 13 17
20 9 13
21 12 15
18 9 12
15 9 9
18 12 12
18 12 12
17 11 11
19 13 13
23 14 15
25 16 17
27 18 19
38 28 27
39 27 31
24 15 20
23 17 19
39 15 15
47 19 16
47 18 20
47 18 22
37 8 12
45 21 21
39 37 38
16 7 8
29 20 21
28 18 19
24 13 17
26 15 19
22 13 16
17 11 13
16 10 10
18 12 12
21 15 15
22 16 18
30 24 26
42 36 38
44 38 38
23 12 16
24 15 18
24 19 23
18 8 9
47 21 22
35 20 15
23 12 6
41 2 7
23 17 17
19 10 11
17 8 11
19 10 13
23 17 19
20 14 16
18 14 15
20 11 12
18 9 10
17 8 11
18 12 14
23 17 19
26 20 22
30 24 28
36 30 34
22 18 17
19 9 10
25 15 16
24 20 19
23 15 13
36 15 14
31 15 16
28 10 8
53 11 15
19 13 13
17 8 11
15 9 11
17 15 16
21 12 13
23 14 17
20 11 14
18 12 14
25 19 23
30 24 28
25 19 23
17 11 15
15 11 10
22 12 13
21 11 10
23 18 14
28 13 10
43 23 22
38 23 20
21 15 15
39 10 14
48 21 14
15 9 9
17 8 9
23 11 13
26 14 16
27 15 17
23 11 13
26 16 17
19 9 10
22 12 13
27 18 19
18 12 12
19 9 10
23 11 13
28 19 20
21 16 13
27 18 13
48 29 25
55 25 23
32 12 14
21 17 18
32 14 10
16 10 10
16 10 10
15 9 9
17 7 8
24 14 15
34 24 25
26 16 17
16 7 8
18 9 10
22 13 14
15 6 7
18 12 12
21 12 13
23 13 14
25 15 16
22 17 14
19 11 8
31 16 13
53 32 29
44 30 21
22 13 6
27 12 7
20 16 15
19 10 11
21 12 13
25 16 17
26 17 18
19 13 13
20 14 14
18 12 12
16 10 10
19 10 11
22 12 13
18 8 9
17 8 9
17 12 9
21 11 9
29 18 16
30 23 5
18 14 13
18 12 12
15 9 9
17 13 12
19 15 14
18 14 13
15 11 8
18 12 12
17 8 9
16 5 9
17 8 11
17 11 11
17 12 9
17 16 14
15 11 10
18 14 13
15 9 9
18 9 12
15 4 8
16 8 6
30 12 12
38 17 12
23 22 20
15 11 12
18 6 8
43 29 29
27 16 14
39 12 21
15 9 9
23 11 11
51 31 32
21 7 7
34 10 10
21 5 5
