134 120 137
127 112 135
132 113 141
133 114 144
132 111 142
143 123 151
131 121 146
128 108 120
137 123 149
152 121 153
143 107 143
143 106 140
138 101 134
125 88 119
132 97 127
142 119 148
122 93 113
136 113 133
142 111 145
142 102 137
144 97 131
144 92 128
147 92 131
145 90 129
142 90 128
134 87 123
138 94 127
142 108 135
145 112 139
135 96 127
131 85 121
137 92 125
130 114 127
140 121 141
147 119 142
154 121 148
156 116 143
149 103 131
144 95 125
148 96 132
156 98 139
150 92 133
147 89 129
137 85 124
137 90 126
142 101 133
154 113 145
147 103 138
134 86 124
154 120 145
159 120 149
153 109 144
151 107 143
148 108 143
153 112 146
158 111 145
158 104 140
155 99 136
153 95 133
158 102 141
155 109 148
152 107 146
146 106 143
142 100 136
141 96 135
140 95 134
146 114 153
155 110 151
155 111 144
155 111 144
151 111 146
154 112 150
153 111 149
149 111 150
149 118 152
162 115 151
162 107 146
160 105 144
161 111 148
161 117 150
157 117 152
156 116 153
154 116 153
150 115 148
148 113 145
146 100 137
132 124 137
148 118 146
148 113 145
153 118 148
158 124 151
155 118 149
155 113 149
148 116 153
141 101 135
142 97 128
145 100 129
131 92 123
134 123 137
153 124 146
147 114 143
150 115 148
148 112 148
149 116 147
155 120 152
144 101 131
133 90 118
148 120 145
144 102 138
144 102 140
151 111 146
153 113 148
155 120 152
143 98 127
142 89 119
137 120 138
136 102 137
144 98 135
146 98 136
154 107 143
162 114 152
145 96 128
128 115 133
123 105 129
138 101 134
144 95 127
150 101 131
150 113 147
129 86 116
141 117 153
139 115 147
135 103 126
139 98 128
147 101 130
151 118 149
131 86 115
127 94 121
143 116 135
145 104 138
148 99 131
162 102 140
149 106 133
144 123 140
153 121 144
148 103 136
151 99 137
162 101 142
150 103 135
137 114 132
130 106 128
155 112 140
146 96 131
149 94 134
159 102 145
143 98 129
146 119 138
141 118 144
154 105 135
145 94 125
150 95 135
160 107 153
149 115 148
132 87 116
129 95 120
143 118 147
161 124 141
159 104 136
148 98 133
152 104 146
151 109 147
148 101 137
142 88 120
128 100 123
140 113 144
147 120 139
146 108 131
143 96 130
144 97 131
156 111 150
154 102 148
154 98 133
150 92 130
129 100 130
127 108 130
133 108 140
133 107 134
139 104 136
133 96 130
137 92 123
153 112 146
152 107 146
153 107 146
151 92 136
130 104 139
138 114 140
138 105 136
133 91 127
133 87 123
147 105 141
154 105 152
151 106 145
149 103 142
140 85 114
126 98 123
131 98 125
128 89 120
133 87 124
142 102 137
148 99 146
139 94 133
143 95 133
132 124 137
129 97 121
134 99 132
133 92 126
140 99 139
137 89 131
133 87 124
138 91 127
122 112 121
127 93 118
133 98 130
124 93 125
131 99 138
144 102 148
128 86 126
126 92 125
131 91 125
132 99 130
147 108 153
126 86 120
131 95 123
148 96 142
138 85 115
143 91 114
127 94 123
125 100 132
153 112 152
150 119 137
150 118 139
142 112 138
132 109 127
126 91 123
138 107 138
131 100 131
146 113 140
159 125 150
148 110 147
144 89 128
135 86 115
152 117 137
160 125 145
140 121 127
137 118 124
135 115 124
139 121 135
140 115 136
133 93 120
137 117 129
126 103 123
124 85 116
133 98 128
143 107 135
157 121 147
140 95 138
137 86 119
162 107 138
143 123 122
149 125 125
141 110 128
130 119 127
127 110 126
123 88 118
126 85 125
143 105 142
147 108 153
146 108 147
136 94 142
147 92 131
160 100 128
155 98 133
156 100 135
146 119 134
140 117 123
134 102 117
136 110 123
135 102 123
129 88 120
156 118 141
142 104 141
141 100 144
140 99 143
139 98 138
149 108 148
143 97 143
152 102 137
145 121 137
137 117 118
129 102 121
128 87 117
141 103 128
161 119 143
149 109 144
142 101 145
144 99 142
140 94 133
144 100 136
152 111 151
152 109 152
144 103 135
155 106 136
155 104 135
139 112 119
128 105 121
135 114 123
130 89 121
139 99 126
158 120 143
160 123 141
145 101 124
139 96 124
140 96 131
135 89 128
137 85 124
133 85 123
145 102 145
147 104 150
145 101 137
143 93 128
148 97 130
157 117 144
134 108 117
135 112 122
129 110 114
139 124 129
125 104 119
135 123 137
122 103 125
127 92 125
129 93 121
133 88 131
138 92 141
140 97 143
142 96 133
132 87 120
147 101 130
155 123 144
137 114 132
140 119 138
143 118 139
141 121 133
123 99 113
133 86 132
156 110 136
155 122 141
131 108 124
132 114 130
137 114 132
136 115 122
134 116 132
134 100 116
134 110 123
124 111 121
125 112 122
135 119 119
125 88 129
132 92 127
142 112 122
135 118 124
130 119 123
137 125 139
135 120 125
126 113 131
125 113 123
127 97 125
130 100 128
142 102 113
137 117 119
130 120 119
133 116 126
139 113 116
133 121 133
146 93 113
153 107 120
153 122 128
148 125 133
139 124 129
136 118 118
140 120 119
146 87 117
154 96 121
156 104 126
152 109 128
150 120 132
129 116 123
132 87 118
137 86 117
132 114 126
142 105 113
149 121 133
124 102 115
