92 55 88
87 50 81
85 48 79
93 43 78
93 41 77
94 58 86
97 58 85
93 57 85
90 45 76
95 52 80
88 54 87
87 44 72
88 43 72
83 49 76
84 45 74
93 49 76
94 60 84
76 40 66
86 50 78
92 52 86
92 53 74
86 51 75
80 51 71
75 41 57
90 45 68
89 49 76
93 58 88
79 46 63
86 48 61
92 47 76
87 58 76
87 49 72
81 46 70
87 48 77
97 52 83
76 41 61
77 35 55
83 47 73
89 58 89
96 56 82
71 50 81
64 43 62
81 57 73
71 36 58
78 43 65
92 58 85
62 44 58
75 46 64
73 41 62
81 49 72
91 54 87
91 54 85
67 46 85
68 42 69
59 37 49
76 45 63
84 46 71
88 52 80
98 57 87
73 49 85
64 43 76
73 36 53
83 39 62
92 48 75
95 51 76
69 48 79
66 41 73
73 52 83
63 45 67
68 51 57
74 36 49
79 41 54
82 41 59
95 51 74
98 52 81
95 61 88
76 48 88
72 51 82
67 41 66
64 38 63
61 39 62
79 60 82
64 48 61
62 47 52
78 42 54
79 47 58
80 43 60
90 48 70
77 56 89
64 39 68
67 45 66
66 44 65
74 61 71
80 64 74
64 43 50
71 41 49
76 38 53
89 52 70
87 51 89
81 50 84
69 42 75
71 55 82
67 53 76
58 39 58
60 47 54
70 55 60
66 45 50
85 49 63
71 36 56
70 39 57
84 49 69
91 53 74
84 52 73
90 61 83
94 59 89
85 51 78
80 46 73
78 45 74
66 42 68
64 40 64
64 43 58
62 38 60
78 69 72
75 63 67
75 44 52
74 42 57
84 45 63
75 34 52
73 39 55
74 47 62
83 52 70
76 43 64
73 35 60
70 35 57
70 37 58
65 36 56
58 36 49
77 71 73
77 36 50
77 41 51
70 36 50
73 43 53
72 42 54
66 35 51
90 68 70
78 53 56
70 52 52
61 49 49
65 55 54
63 47 50
73 61 65
69 57 59
68 58 56
69 61 59
64 54 62
60 50 51
79 65 65
67 61 65
71 57 57
65 55 54
66 54 56
71 62 65
75 61 61
77 65 67
60 50 51
67 57 56
81 70 74
72 63 66
72 61 59
68 56 58
73 63 64
66 50 51
72 58 58
67 49 49
76 60 60
75 59 59
72 50 52
67 48 50
80 66 65
85 64 61
59 49 50
65 55 54
68 58 56
71 58 52
87 67 58
85 57 54
68 54 54
58 49 50
79 69 68
61 56 53
61 51 50
66 58 56
59 56 51
63 53 51
71 61 60
