157 100 141
157 99 139
158 100 138
161 99 136
148 104 139
156 112 148
143 114 145
152 111 143
160 105 144
146 112 139
139 102 136
145 99 136
151 105 142
152 119 148
136 94 134
146 111 144
133 98 130
143 97 136
146 112 147
143 95 133
142 116 143
140 95 126
161 113 135
157 114 134
146 95 126
131 104 139
142 92 130
146 116 144
143 98 129
134 99 141
130 88 124
157 116 146
151 112 141
143 103 130
137 85 123
144 101 144
162 113 142
145 100 133
138 98 135
142 105 138
146 92 124
149 101 139
159 113 141
144 104 138
138 93 126
142 113 141
136 118 144
146 114 137
147 116 148
158 92 119
134 84 122
153 98 140
155 108 140
138 94 129
142 108 133
145 116 146
145 111 136
141 105 133
136 93 120
141 94 126
161 106 135
148 85 116
151 99 138
144 101 129
139 89 126
138 99 126
138 113 142
142 107 129
129 89 115
140 95 124
141 81 115
143 92 125
142 95 127
145 84 125
153 113 140
135 83 119
143 105 130
144 121 141
132 93 120
139 89 116
142 89 117
150 94 121
152 97 128
150 99 132
152 91 133
158 93 133
159 121 146
150 99 132
145 105 131
125 96 126
125 89 125
143 113 141
135 91 116
148 98 125
158 110 132
162 106 135
158 102 129
155 95 133
152 94 135
153 90 133
150 108 132
153 113 140
141 110 128
135 95 122
139 87 109
148 95 123
158 110 134
151 94 126
153 88 122
151 89 128
148 98 136
147 119 142
152 110 134
130 97 124
128 85 115
128 83 116
131 97 121
148 90 114
143 86 118
145 88 120
152 91 124
159 101 139
148 113 133
141 108 127
132 98 125
128 95 124
127 92 116
141 87 119
151 97 129
144 115 137
133 93 120
131 86 115
136 91 122
127 104 122
133 91 113
154 98 135
144 119 141
143 110 129
130 91 118
146 118 133
141 81 115
140 86 135
134 82 128
135 96 141
141 85 134
140 87 131
149 100 145
150 101 148
141 98 141
149 104 145
155 116 147
152 112 146
146 117 145
129 95 112
130 115 122
130 95 117
146 94 130
158 107 148
146 92 128
152 102 137
150 106 139
140 85 125
139 89 127
143 95 133
145 88 129
143 85 123
141 85 122
138 82 121
132 84 122
142 84 124
146 103 133
144 105 132
144 101 131
143 104 133
141 112 132
128 96 109
136 112 128
139 101 122
151 107 130
146 92 124
139 91 133
156 99 131
148 94 126
148 97 128
146 92 124
125 93 116
125 84 126
135 96 141
142 91 134
140 90 125
144 99 130
141 100 130
140 103 134
146 116 140
142 118 142
131 92 110
124 85 114
137 99 122
149 114 138
137 90 122
142 84 122
155 108 144
148 98 135
128 90 131
132 84 124
129 82 116
136 96 130
144 99 130
143 100 130
140 101 128
133 93 117
125 87 108
132 99 120
126 81 112
135 89 125
141 83 123
150 99 132
161 118 145
143 90 116
136 86 113
146 106 130
142 104 127
129 90 109
146 100 128
146 90 117
139 85 121
144 86 127
145 89 114
148 114 115
134 86 110
145 104 118
157 121 133
156 115 131
138 94 109
129 93 121
141 97 132
162 109 137
161 106 138
137 116 135
153 119 143
148 103 108
143 103 130
158 103 132
160 108 120
139 120 139
143 120 146
155 105 108
161 113 111
155 106 109
145 95 132
157 112 109
141 114 119
137 107 109
143 112 118
135 109 108
136 104 109
130 88 126
152 102 131
154 116 129
144 114 116
125 111 110
141 112 116
131 111 110
124 101 117
132 94 133
135 99 125
133 115 115
135 119 120
133 102 134
138 115 125
122 103 109
143 115 127
128 98 122
131 115 126
141 113 110
127 110 118
131 106 109
142 119 125
140 115 118
132 105 114
135 113 125
131 104 111
124 104 116
128 112 125
127 106 121
127 109 123
123 116 124
